0.89
0.91
0.94
0.93
0.93
0.95
0.94
0.92
0.92
0.94
0.95
0.97
0.96
0.98
0.94
0.94
0.93
0.96
0.92
0.94
0.97
0.94
0.95
0.96
0.95
0.95
0.94
0.92
0.93
0.93
0.85
0.81
0.92
0.92
0.96
0.96
0.97
0.96
0.98
0.99
0.98
0.98
0.98
0.99
0.97
0.97
0.98
0.96
0.98
0.98
0.98
0.99
0.99
0.97
0.98
0.98
0.98
0.96
0.99
0.97
0.97
0.93
0.93
0.88
0.96
0.98
0.98
0.98
0.97
0.99
0.98
0.98
0.98
0.98
0.98
0.97
0.99
0.97
0.98
0.99
0.97
0.96
0.99
0.99
0.99
0.98
0.96
0.97
0.99
0.96
0.98
0.99
0.99
0.97
0.91
0.9
0.98
0.99
0.95
0.99
0.97
0.97
0.98
0.99
0.98
0.98
0.96
0.99
0.99
0.97
0.98
0.99
0.97
0.97
0.97
0.98
0.99
0.98
0.96
0.99
0.98
0.97
0.97
0.99
0.98
0.97
0.97
0.94
0.95
0.98
0.98
0.99
0.98
0.96
0.98
0.96
0.97
0.99
0.99
0.97
0.99
0.98
0.97
0.98
0.98
0.99
0.93
0.97
0.96
0.98
0.98
0.97
0.99
0.99
0.98
0.98
0.97
0.97
0.97
0.94
0.94
0.95
0.99
0.98
0.97
0.96
0.98
0.99
0.97
0.99
0.97
0.98
0.98
0.98
0.99
0.99
0.97
0.99
0.95
0.98
0.98
0.96
0.98
0.98
0.97
0.98
0.99
0.98
0.97
0.99
0.96
0.96
0.92
0.99
0.98
0.97
0.98
0.99
0.99
0.98
0.98
0.98
0.98
0.99
0.99
0.97
0.99
0.99
0.98
0.96
0.98
0.96
0.98
0.99
0.98
0.95
0.96
0.99
0.99
0.99
0.98
0.94
0.94
0.97
0.91
0.97
0.99
0.99
0.98
0.99
0.97
0.98
0.99
0.98
0.97
0.98
0.98
0.98
0.99
0.98
0.98
0.98
0.98
0.97
0.97
0.99
0.99
0.98
0.99
0.98
0.99
0.97
0.96
0.97
0.97
0.93
0.94
0.97
0.99
0.99
0.98
0.97
0.96
0.98
0.97
0.96
0.98
0.98
0.98
0.98
0.98
0.98
0.98
0.98
0.97
0.98
0.99
0.97
0.98
0.99
0.98
0.98
0.98
0.98
0.96
0.99
0.97
0.95
0.94
0.99
0.99
0.98
0.97
0.96
0.97
0.99
0.99
0.99
0.98
0.98
0.97
0.99
0.96
0.98
0.99
0.99
0.98
0.95
0.95
0.96
0.95
0.99
0.98
0.98
0.99
0.99
0.99
0.99
0.99
0.93
0.96
0.97
0.99
0.97
0.97
0.97
0.99
0.98
0.99
0.98
0.98
0.98
0.98
0.99
0.98
0.96
0.99
0.98
0.99
0.98
0.99
0.97
0.98
0.99
0.99
0.99
0.98
0.98
0.97
0.97
0.98
0.92
0.94
0.98
0.96
0.98
0.93
0.96
0.96
0.98
0.97
0.99
0.98
0.99
0.96
0.99
0.98
0.99
0.99
0.99
0.97
0.99
0.99
0.99
0.98
0.98
0.97
0.98
0.98
0.98
0.98
0.99
0.98
0.91
0.94
0.99
0.97
0.98
0.98
0.98
0.98
0.97
0.98
0.96
0.99
0.99
0.98
0.99
0.98
0.97
0.99
0.96
0.98
0.99
0.98
0.99
0.97
0.97
0.98
0.99
0.97
0.99
0.98
0.98
0.99
0.93
0.92
0.98
0.97
0.98
0.98
0.96
0.98
0.98
0.97
0.97
0.98
0.99
0.96
0.97
0.96
0.99
0.97
0.98
0.99
0.98
0.98
0.98
0.97
0.95
0.99
0.99
0.98
0.99
0.99
0.98
0.99
0.96
0.92
0.96
0.97
0.99
0.99
0.96
0.97
0.96
0.97
0.99
0.99
0.98
0.98
0.97
0.96
0.96
0.96
0.95
0.97
0.98
0.98
0.98
0.97
0.98
0.98
0.98
0.98
0.97
0.97
0.99
0.99
0.97
0.95
0.97
0.97
0.97
0.97
0.99
0.99
0.99
0.99
0.96
0.97
0.99
0.99
0.97
0.98
1.0
0.98
0.95
0.97
0.98
0.96
0.97
0.97
0.98
0.98
0.99
0.97
0.98
0.98
0.99
0.98
0.93
0.97
0.97
0.96
0.99
0.97
0.98
0.99
0.98
0.99
0.97
0.99
0.98
0.96
0.98
0.97
0.96
0.98
0.95
0.97
0.99
0.98
0.99
0.99
0.99
0.99
0.98
0.98
0.97
0.99
0.98
0.99
0.92
0.98
0.97
0.99
0.98
0.96
0.99
0.99
0.99
0.98
0.95
0.99
0.98
0.96
0.98
0.97
0.98
0.97
0.95
0.99
0.99
0.98
0.99
0.99
0.98
0.98
0.98
0.98
0.97
0.99
0.94
0.99
0.87
0.96
0.98
0.98
0.99
0.98
0.97
0.98
0.98
0.98
0.97
0.98
0.98
0.98
0.98
0.97
0.99
0.98
0.98
0.98
0.98
0.98
0.99
0.96
0.97
0.98
0.99
0.99
0.98
0.99
0.97
0.98
0.91
0.95
0.97
0.97
0.97
0.94
0.97
0.98
0.97
0.98
0.99
0.96
0.98
0.96
0.95
0.98
0.96
0.97
0.99
0.96
0.98
0.98
0.99
0.97
0.99
0.98
0.99
0.99
0.98
0.99
0.99
0.97
0.9
0.95
0.96
0.97
0.96
0.96
0.99
0.98
0.97
0.97
0.97
0.98
0.98
0.98
0.99
0.99
0.99
0.98
0.98
0.96
0.98
0.97
0.99
0.98
0.96
0.97
0.98
0.98
0.97
0.97
0.98
0.98
0.93
0.91
0.98
0.99
0.97
0.97
0.98
0.98
0.99
0.99
0.98
0.99
0.98
0.97
0.96
0.97
0.96
0.98
0.98
0.99
0.98
0.94
0.99
0.97
0.97
0.99
0.98
0.99
0.98
0.99
0.98
0.98
0.93
0.92
0.95
0.97
0.97
0.97
0.98
0.97
0.97
0.97
0.97
0.98
0.98
0.97
0.98
0.96
0.97
0.96
0.98
0.97
0.97
0.98
0.99
0.98
0.98
0.99
0.96
0.98
0.98
0.98
0.98
0.97
0.94
0.95
0.96
0.95
0.98
0.99
0.97
0.97
0.99
0.99
0.97
0.96
0.98
0.97
0.98
0.97
0.98
0.98
0.98
0.95
0.96
0.97
0.98
0.99
0.97
0.97
0.99
0.98
0.99
0.98
0.98
0.99
0.92
0.95
0.97
0.98
0.98
0.99
0.98
0.96
0.97
0.97
0.98
0.98
0.99
0.96
0.98
0.99
0.98
0.96
0.99
0.98
0.98
0.96
0.94
0.98
0.98
0.98
0.98
0.96
0.96
0.97
0.97
0.96
0.9
0.95
0.99
0.99
0.99
0.98
0.97
0.97
0.97
0.97
0.99
0.96
0.97
0.97
0.98
0.99
0.96
0.98
0.99
0.97
0.99
0.97
0.97
0.97
0.98
0.97
0.98
0.98
0.97
0.98
0.98
0.95
0.94
0.91
0.96
0.99
0.99
0.98
0.97
0.99
0.97
0.96
0.98
0.98
0.98
0.96
0.99
0.99
0.98
0.99
0.99
0.99
0.98
0.99
0.95
0.99
0.99
0.96
0.99
0.99
0.96
0.96
0.98
0.95
0.93
0.93
0.98
0.98
0.96
0.99
0.99
0.98
0.99
0.98
0.96
0.97
0.98
0.98
0.99
0.98
0.99
0.99
0.97
0.98
0.99
0.99
0.98
0.97
0.99
0.95
0.96
0.99
0.97
0.98
0.97
0.94
0.91
0.93
0.97
0.98
0.98
0.97
0.98
0.97
0.97
0.98
0.96
0.98
0.98
0.99
0.99
0.98
0.98
0.98
0.97
0.99
0.96
0.98
0.98
0.96
0.99
0.98
0.96
0.97
0.98
0.98
0.98
0.95
0.92
0.9
0.98
0.99
0.97
0.98
0.98
0.98
0.96
0.99
0.99
0.98
0.99
0.99
0.98
0.97
0.98
0.99
0.97
0.97
0.97
0.97
0.98
0.97
0.96
0.98
0.97
0.99
0.99
0.98
0.98
0.95
0.92
0.86
0.94
0.95
0.97
0.95
0.98
0.98
0.96
0.98
0.94
0.97
0.97
0.96
0.98
0.99
0.98
0.98
0.97
0.96
0.97
0.97
0.97
0.99
0.97
0.98
0.98
0.99
0.99
0.99
0.98
0.97
0.89
0.74
0.87
0.87
0.93
0.95
0.91
0.91
0.9
0.89
0.88
0.88
0.92
0.94
0.95
0.89
0.95
0.94
0.94
0.93
0.9
0.93
0.93
0.94
0.93
0.96
0.93
0.95
0.97
0.97
0.95
0.93
0.84

31.921348314606742
31.01098901098901
30.148936170212767
29.247311827956988
28.440860215053764
27.263157894736842
26.51063829787234
25.58695652173913
24.717391304347824
24.148936170212767
23.673684210526314
23.1340206185567
22.895833333333332
22.6734693877551
22.425531914893618
22.21276595744681
22.333333333333332
22.3125
22.58695652173913
23.127659574468087
23.84536082474227
24.404255319148938
25.147368421052633
25.8125
26.6
27.621052631578948
28.46808510638298
29.369565217391305
30.161290322580644
31.118279569892472
31.988235294117647
32.79012345679013
31.065217391304348
30.043478260869566
29.1875
28.166666666666668
27.422680412371133
26.1875
25.367346938775512
24.454545454545453
23.836734693877553
23.040816326530614
22.612244897959183
22.03030303030303
21.587628865979383
21.515463917525775
21.183673469387756
20.708333333333332
20.918367346938776
20.959183673469386
21.285714285714285
21.92929292929293
22.828282828282827
23.24742268041237
24.040816326530614
24.775510204081634
25.551020408163264
26.604166666666668
27.717171717171716
28.257731958762886
29.175257731958762
30.13978494623656
31.053763440860216
31.954545454545453
30.229166666666668
29.163265306122447
28.367346938775512
27.183673469387756
26.278350515463917
25.19191919191919
24.142857142857142
23.448979591836736
22.816326530612244
22.142857142857142
21.46938775510204
20.701030927835053
20.393939393939394
20.185567010309278
20.040816326530614
19.737373737373737
19.84536082474227
19.708333333333332
20.31313131313131
20.828282828282827
21.464646464646464
22.142857142857142
22.833333333333332
23.711340206185568
24.636363636363637
25.625
26.53061224489796
27.232323232323232
28.292929292929294
29.216494845360824
30.186813186813186
31.022222222222222
29.26530612244898
28.171717171717173
27.431578947368422
26.19191919191919
25.4020618556701
24.1340206185567
23.367346938775512
22.515151515151516
21.714285714285715
20.79591836734694
20.166666666666668
19.424242424242426
19.151515151515152
18.75257731958763
18.346938775510203
18.393939393939394
18.536082474226806
18.422680412371133
18.969072164948454
19.632653061224488
20.1010101010101
21.020408163265305
21.729166666666668
22.757575757575758
23.46938775510204
24.34020618556701
25.36082474226804
26.252525252525253
27.224489795918366
28.15463917525773
29.195876288659793
30.170212765957448
28.410526315789475
27.367346938775512
26.408163265306122
25.292929292929294
24.102040816326532
23.145833333333332
22.26530612244898
21.375
20.587628865979383
19.434343434343436
18.717171717171716
18.02061855670103
17.767676767676768
17.53061224489796
17.144329896907216
17.163265306122447
17.122448979591837
17.252525252525253
17.516129032258064
18.082474226804123
18.75
19.959183673469386
20.816326530612244
21.814432989690722
22.737373737373737
23.292929292929294
24.46938775510204
25.26530612244898
26.36082474226804
27.31958762886598
28.257731958762886
29.23404255319149
27.382978723404257
26.36842105263158
25.555555555555557
24.346938775510203
23.1340206185567
22.166666666666668
21.224489795918366
20.515151515151516
19.4020618556701
18.535353535353536
17.587628865979383
16.816326530612244
16.428571428571427
16.244897959183675
15.858585858585858
15.88888888888889
15.876288659793815
15.929292929292929
16.042105263157893
17.081632653061224
17.816326530612244
18.604166666666668
19.46938775510204
20.653061224489797
21.463917525773194
22.244897959183675
23.393939393939394
24.612244897959183
25.587628865979383
26.595959595959595
27.3125
28.541666666666668
26.58695652173913
25.454545454545453
24.510204081632654
23.567010309278352
22.285714285714285
21.21212121212121
20.333333333333332
19.408163265306122
18.244897959183675
17.510204081632654
16.551020408163264
15.656565656565656
15.1010101010101
14.824742268041238
14.434343434343434
14.686868686868687
14.693877551020408
14.854166666666666
14.89795918367347
15.875
16.775510204081634
17.67676767676768
18.571428571428573
19.473684210526315
20.416666666666668
21.353535353535353
22.292929292929294
23.454545454545453
24.632653061224488
25.595744680851062
26.638297872340427
27.711340206185568
25.47252747252747
24.649484536082475
23.7979797979798
22.737373737373737
21.510204081632654
20.353535353535353
19.422680412371133
18.142857142857142
17.252525252525253
16.26530612244898
15.525773195876289
14.448979591836734
13.959183673469388
13.510204081632653
13.353535353535353
13.408163265306122
13.489795918367347
13.591836734693878
13.693877551020408
14.628865979381443
15.896907216494846
16.636363636363637
17.31313131313131
18.306122448979593
19.454545454545453
20.448979591836736
21.31313131313131
22.484536082474225
23.666666666666668
24.463917525773194
26.061855670103093
26.93548387096774
24.638297872340427
23.75257731958763
22.656565656565657
21.656565656565657
20.612244897959183
19.38144329896907
18.1875
17.081632653061224
16.15463917525773
15.1875
14.326530612244898
13.326530612244898
12.714285714285714
12.224489795918368
12.0
12.040816326530612
12.224489795918368
12.224489795918368
12.484536082474227
13.408163265306122
14.717171717171718
15.711340206185566
16.591836734693878
17.393939393939394
18.306122448979593
19.428571428571427
20.489795918367346
21.53061224489796
22.833333333333332
23.95959595959596
25.164948453608247
26.273684210526316
24.0
22.939393939393938
21.818181818181817
20.755102040816325
19.587628865979383
18.375
17.237113402061855
16.232323232323232
15.131313131313131
14.232323232323232
13.183673469387756
12.122448979591837
11.525773195876289
10.93939393939394
10.791666666666666
10.857142857142858
10.808080808080808
10.93939393939394
11.714285714285714
12.389473684210527
13.347368421052632
14.5625
15.6
16.555555555555557
17.448979591836736
18.612244897959183
19.515151515151516
20.737373737373737
22.0
23.32323232323232
24.80808080808081
25.688172043010752
23.375
22.309278350515463
21.2020202020202
20.061855670103093
18.814432989690722
17.7319587628866
16.616161616161616
15.448979591836734
14.414141414141413
13.408163265306122
12.142857142857142
11.326530612244898
10.489795918367347
9.595959595959595
9.408163265306122
9.125
9.323232323232324
9.775510204081632
10.535353535353535
11.36734693877551
12.414141414141413
13.525773195876289
14.510204081632653
15.676767676767676
16.858585858585858
17.656565656565657
18.897959183673468
20.020408163265305
21.556701030927837
22.721649484536083
23.816326530612244
24.804347826086957
22.97872340425532
21.918367346938776
20.625
19.489795918367346
18.129032258064516
16.875
15.666666666666666
14.489795918367347
13.381443298969073
12.535353535353535
11.183673469387756
10.393939393939394
9.375
8.535353535353535
8.081632653061224
7.545454545454546
7.91919191919192
8.777777777777779
9.56701030927835
10.535353535353535
11.434343434343434
12.494949494949495
13.73469387755102
15.020408163265307
16.103092783505154
17.020408163265305
18.102040816326532
19.3265306122449
20.612244897959183
22.232323232323232
23.306122448979593
24.47252747252747
22.80851063829787
21.333333333333332
20.278350515463917
18.959183673469386
17.653061224489797
16.183673469387756
15.040816326530612
13.608247422680412
12.551020408163266
11.458333333333334
10.333333333333334
9.393939393939394
8.510204081632653
7.515151515151516
6.714285714285714
6.309278350515464
6.858585858585859
7.5625
8.673469387755102
9.474747474747474
10.693877551020408
11.656565656565656
12.896907216494846
13.97938144329897
15.408163265306122
16.383838383838384
17.84536082474227
19.13131313131313
20.20408163265306
21.551020408163264
22.95959595959596
24.021505376344088
22.152173913043477
21.040816326530614
19.711340206185568
18.387755102040817
17.285714285714285
15.979166666666666
14.571428571428571
13.408163265306122
12.24742268041237
11.103092783505154
9.551020408163266
8.454545454545455
7.25
6.257731958762887
5.208333333333333
5.0
5.34020618556701
6.26530612244898
7.616161616161616
8.714285714285714
9.979591836734693
11.0
12.412371134020619
13.505263157894737
15.05050505050505
16.151515151515152
17.591836734693878
18.87878787878788
20.0
21.20408163265306
22.484848484848484
23.6875
22.108695652173914
20.854166666666668
19.577319587628867
18.343434343434343
17.12121212121212
15.8125
14.422680412371134
13.104166666666666
11.742268041237113
10.565656565656566
9.080808080808081
7.816326530612245
6.428571428571429
5.030927835051546
3.875
3.1041666666666665
3.9166666666666665
5.389473684210526
6.731958762886598
7.918367346938775
9.26530612244898
10.53061224489796
11.948453608247423
13.061224489795919
14.714285714285714
16.06122448979592
17.489795918367346
18.65979381443299
19.783505154639176
20.98989898989899
22.21212121212121
23.257731958762886
21.91578947368421
20.75257731958763
19.587628865979383
18.34020618556701
17.051546391752577
15.787878787878787
14.525252525252526
13.181818181818182
11.97979797979798
10.583333333333334
8.989690721649485
7.626262626262626
6.222222222222222
4.546391752577319
2.979591836734694
1.0
3.3469387755102042
4.831578947368421
6.288659793814433
7.714285714285714
9.3125
10.505154639175258
11.896907216494846
13.285714285714286
14.816326530612244
16.151515151515152
17.567010309278352
18.571428571428573
19.6734693877551
21.02020202020202
22.224489795918366
23.322580645161292
22.030927835051546
20.969072164948454
19.6875
18.363636363636363
16.95876288659794
15.714285714285714
14.555555555555555
13.224489795918368
11.98989898989899
10.8659793814433
9.323232323232324
7.938775510204081
6.541666666666667
5.489795918367347
3.9690721649484537
3.375
4.448979591836735
5.684210526315789
6.711340206185567
7.9393939393939394
9.551020408163266
10.787878787878787
11.929292929292929
13.212121212121213
14.696969696969697
16.0
17.040816326530614
18.22680412371134
19.68686868686869
21.142857142857142
22.21212121212121
23.347826086956523
22.387755102040817
21.061855670103093
19.717171717171716
18.571428571428573
17.270833333333332
16.03030303030303
14.686868686868687
13.424242424242424
12.73469387755102
11.336842105263157
9.83838383838384
8.673469387755102
7.3125
5.979591836734694
5.030927835051546
4.857142857142857
5.690721649484536
6.4526315789473685
7.5353535353535355
8.757575757575758
9.857142857142858
11.121212121212121
12.242424242424242
13.46938775510204
14.571428571428571
16.3265306122449
17.244897959183675
18.54639175257732
19.858585858585858
20.97872340425532
22.303030303030305
23.482758620689655
22.416666666666668
21.26530612244898
20.06122448979592
18.848484848484848
17.653061224489797
16.515463917525775
15.26530612244898
14.26530612244898
13.061224489795919
11.690721649484535
10.46938775510204
9.489795918367347
8.326530612244898
7.081632653061225
6.56701030927835
6.141414141414141
6.714285714285714
7.489795918367347
8.755102040816327
9.693877551020408
10.591836734693878
12.02020202020202
13.125
14.350515463917526
15.122448979591837
16.727272727272727
17.606060606060606
18.877551020408163
20.13131313131313
21.443298969072163
22.489795918367346
23.78021978021978
22.757894736842104
21.783505154639176
20.556701030927837
19.412371134020617
18.27659574468085
17.123711340206185
15.918367346938776
14.670103092783505
13.673469387755102
12.595959595959595
11.520833333333334
10.346938775510203
9.104166666666666
8.43157894736842
8.204081632653061
7.9375
8.185567010309278
8.95959595959596
9.875
10.693877551020408
11.489795918367347
12.656565656565656
13.876288659793815
15.141414141414142
16.06122448979592
17.242424242424242
18.343434343434343
19.489795918367346
20.78787878787879
21.767676767676768
22.989690721649485
24.22222222222222
23.652631578947368
22.458333333333332
21.2680412371134
20.104166666666668
18.979166666666668
17.87878787878788
16.714285714285715
15.525773195876289
14.690721649484535
13.381443298969073
12.387755102040817
11.183673469387756
10.53061224489796
9.555555555555555
9.424242424242424
9.232323232323232
9.775510204081632
10.10204081632653
11.145833333333334
11.959183673469388
12.731958762886597
13.393939393939394
14.673469387755102
15.9375
16.835051546391753
18.081632653061224
19.122448979591837
20.309278350515463
21.47422680412371
22.387755102040817
23.693877551020407
24.881720430107528
24.065934065934066
23.244897959183675
22.141414141414142
20.938144329896907
19.855670103092784
18.775510204081634
17.448979591836736
16.454545454545453
15.535353535353535
14.448979591836734
13.171717171717171
12.387755102040817
11.75257731958763
11.0
10.742268041237113
10.5
11.020408163265307
11.571428571428571
12.1010101010101
12.73469387755102
13.638297872340425
14.636363636363637
15.649484536082474
16.628865979381445
17.636363636363637
18.857142857142858
19.91919191919192
21.142857142857142
22.383838383838384
23.387755102040817
24.612244897959183
25.602150537634408
25.0
23.768421052631577
22.917525773195877
21.876288659793815
20.608247422680414
19.551020408163264
18.422680412371133
17.4020618556701
16.278350515463917
15.31958762886598
14.489795918367347
13.591836734693878
12.814432989690722
12.346938775510203
11.916666666666666
11.855670103092784
11.979166666666666
12.795918367346939
13.041237113402062
13.876288659793815
14.673469387755102
15.757575757575758
16.714285714285715
17.551020408163264
18.575757575757574
19.791666666666668
20.897959183673468
21.897959183673468
23.081632653061224
24.224489795918366
25.288659793814432
26.23404255319149
25.74736842105263
24.5
23.557894736842105
22.571428571428573
21.292929292929294
20.4020618556701
19.38144329896907
18.575757575757574
17.494949494949495
16.36082474226804
15.5625
14.755102040816327
14.185567010309278
13.83673469387755
13.360824742268042
13.204081632653061
13.285714285714286
13.877551020408163
14.273684210526316
15.3125
15.938144329896907
16.73469387755102
17.656565656565657
18.54639175257732
19.54639175257732
20.737373737373737
21.632653061224488
22.636363636363637
23.632653061224488
24.959183673469386
26.1010101010101
27.130434782608695
26.473684210526315
25.422680412371133
24.53061224489796
23.387755102040817
22.232323232323232
21.3265306122449
20.333333333333332
19.38144329896907
18.31958762886598
17.387755102040817
16.653061224489797
15.919191919191919
15.229166666666666
14.877551020408163
14.454545454545455
14.408163265306122
14.479166666666666
15.272727272727273
15.510204081632653
16.224489795918366
16.9375
17.893617021276597
18.775510204081634
19.755102040816325
20.551020408163264
21.755102040816325
22.770833333333332
23.354166666666668
24.54639175257732
25.876288659793815
26.958333333333332
27.955555555555556
27.326315789473686
26.353535353535353
25.353535353535353
24.13131313131313
23.20408163265306
22.15463917525773
21.38144329896907
20.36082474226804
19.36082474226804
18.656565656565657
17.979166666666668
17.144329896907216
16.5979381443299
16.163265306122447
15.797979797979798
15.833333333333334
15.857142857142858
16.434343434343436
16.90721649484536
17.2020202020202
18.061855670103093
18.938144329896907
20.02061855670103
21.20408163265306
21.608247422680414
22.510204081632654
23.489795918367346
24.4020618556701
25.6734693877551
26.46938775510204
27.621052631578948
28.659574468085108
28.054945054945055
27.083333333333332
26.11111111111111
25.11111111111111
24.224489795918366
23.175257731958762
22.555555555555557
21.567010309278352
20.375
19.653061224489797
18.897959183673468
18.489795918367346
17.833333333333332
17.616161616161616
17.141414141414142
17.020408163265305
17.363636363636363
17.717171717171716
18.07070707070707
18.53061224489796
19.08080808080808
19.957894736842107
21.161616161616163
22.141414141414142
22.8125
23.535353535353536
24.575757575757574
25.5625
26.604166666666668
27.551020408163264
28.51578947368421
29.376344086021504
29.161290322580644
28.183673469387756
27.102040816326532
26.229166666666668
25.31313131313131
24.232323232323232
23.489795918367346
22.717171717171716
21.693877551020407
20.770833333333332
20.02061855670103
19.387755102040817
19.0
18.858585858585858
18.428571428571427
18.171717171717173
18.666666666666668
18.917525773195877
19.163265306122447
19.565656565656564
20.262626262626263
21.142857142857142
22.103092783505154
23.1010101010101
24.16842105263158
24.9375
25.717171717171716
26.567010309278352
27.387755102040817
28.38144329896907
29.319148936170212
30.516483516483518
30.118279569892472
29.237113402061855
28.244897959183675
27.387755102040817
26.298969072164947
25.346938775510203
24.670103092783506
23.917525773195877
23.102040816326532
22.145833333333332
21.244897959183675
20.6734693877551
20.13131313131313
20.04040404040404
19.693877551020407
19.571428571428573
19.775510204081634
20.20618556701031
20.393939393939394
20.958333333333332
21.653061224489797
22.163265306122447
23.270833333333332
24.060606060606062
24.918367346938776
26.125
26.649484536082475
27.571428571428573
28.693877551020407
29.653061224489797
30.6
31.434782608695652
31.244444444444444
30.224489795918366
29.09090909090909
28.257731958762886
27.285714285714285
26.428571428571427
25.775510204081634
25.041666666666668
24.404040404040405
23.363636363636363
22.571428571428573
22.07070707070707
21.555555555555557
21.367346938775512
21.030927835051546
20.918367346938776
21.03030303030303
21.412371134020617
21.649484536082475
22.11340206185567
22.742268041237114
23.26530612244898
24.371134020618555
25.104166666666668
26.06122448979592
27.123711340206185
27.858585858585858
28.636363636363637
29.591836734693878
30.551020408163264
31.642105263157895
32.56521739130435
32.23255813953488
31.25531914893617
30.094736842105263
29.175257731958762
28.431578947368422
27.632653061224488
26.877551020408163
26.145833333333332
25.285714285714285
24.404255319148938
23.61855670103093
23.278350515463917
22.770833333333332
22.489795918367346
22.434343434343436
22.53061224489796
22.428571428571427
22.63917525773196
22.791666666666668
23.237113402061855
24.010309278350515
24.515463917525775
25.484848484848484
26.2680412371134
27.040816326530614
28.122448979591837
28.818181818181817
29.595959595959595
30.595959595959595
31.591836734693878
32.52577319587629
33.37078651685393
33.054054054054056
32.14942528735632
31.2183908045977
30.13978494623656
29.36842105263158
28.53846153846154
27.89010989010989
27.288888888888888
26.337078651685392
25.704545454545453
25.09090909090909
24.608695652173914
24.148936170212767
23.757894736842104
23.640449438202246
23.736842105263158
23.574468085106382
23.72340425531915
23.806451612903224
24.444444444444443
25.161290322580644
25.623655913978496
26.425531914893618
27.473118279569892
28.25
29.0
29.768421052631577
30.649484536082475
31.463917525773194
32.578947368421055
33.483870967741936
34.142857142857146
