0.92
0.72
0.79
0.96
0.87
0.94
0.93
0.95
0.87
0.95
0.9
0.85
0.83
0.77
0.79
0.87
0.88
0.82
0.87
0.77
0.8
0.89
0.91
1.0
0.9
0.87
0.77
0.77
0.88
0.98
0.91
0.78
0.82
0.84
0.93
0.94
0.93
0.96
0.93
0.98
0.95
0.95
0.85
0.84
0.93
0.85
0.91
0.99
0.95
0.97
0.95
0.88
0.89
0.98
0.97
0.96
0.97
0.87
0.86
0.99
0.96
0.95
0.98
0.73
0.93
0.98
0.96
0.97
0.93
1.0
0.92
0.91
0.96
0.91
0.94
0.95
0.91
0.94
0.96
0.96
0.9
0.9
0.99
0.98
0.9
0.91
0.98
0.84
0.88
0.9
0.94
0.97
0.96
0.98
0.98
0.89
0.91
0.91
0.96
0.98
0.94
0.96
0.92
0.97
0.97
1.0
0.96
0.96
0.88
0.92
0.93
0.95
0.91
0.9
0.97
0.94
0.88
0.88
0.98
0.91
0.93
0.93
0.9
0.93
0.95
0.93
0.98
0.86
0.79
0.92
0.94
0.93
0.94
0.97
0.93
0.93
0.91
0.99
0.93
0.97
0.9
0.95
0.98
1.0
0.98
0.94
0.9
0.96
0.99
1.0
0.99
0.97
0.96
0.91
0.89
0.92
0.93
0.94
0.92
0.96
0.97
0.95
0.86
0.89
0.92
0.78
0.83
0.89
0.94
0.88
0.84
0.94
0.95
0.96
0.97
0.97
0.91
0.89
0.84
0.91
0.87
0.95
0.95
0.94
0.96
0.89
0.85
0.92
1.0
0.94
0.9
0.74
0.93
0.88
0.93
0.93
0.91
0.87
0.95
0.98
0.96
0.95
0.99
0.97
0.99
0.94
0.95
0.96
0.99
0.95
0.91
0.98
0.9
0.91
0.98
0.96
0.97
0.88
0.91
0.89
0.89
0.99
0.93
0.83
0.94
0.94
0.97
0.92
0.9
0.93
0.97
0.97
0.98
1.0
0.96
0.96
0.96
0.98
0.98
1.0
0.98
0.98
0.92
1.0
0.9
0.89
0.84
0.91
0.87
0.87
0.98
0.94
0.96
0.87
0.9
0.9
0.93
0.94
0.92
0.92
0.92
0.91
0.91
0.96
1.0
0.89
0.97
0.95
0.88
0.89
1.0
0.92
1.0
0.92
0.97
1.0
0.94
0.91
0.87
0.91
0.92
0.96
0.96
0.97
1.0
0.94
0.95
0.94
0.95
0.89
0.87
0.97
0.93
0.94
0.92
0.96
0.94
0.94
0.95
0.97
0.97
0.9
0.96
0.91
0.98
0.95
0.96
0.93
0.95
0.95
0.88
0.93
0.99
0.98
0.88
0.89
0.96
0.91
0.88
0.93
0.91
1.0
0.97
0.94
0.87
0.99
0.95
0.92
0.89
0.95
0.95
0.95
0.86
0.89
1.0
0.95
0.91
0.84
0.97
0.89
0.98
0.91
0.9
1.0
0.94
0.99
0.94
0.96
0.92
0.89
0.92
0.96
0.83
0.96
0.96
0.93
1.0
0.94
0.93
0.96
0.85
0.88
1.0
0.96
0.94
0.93
0.94
0.95
0.86
0.96
0.92
1.0
0.9
0.92
0.96
0.98
0.97
0.9
0.94
0.96
0.97
0.96
0.98
0.97
0.81
0.97
0.98
0.89
0.98
0.91
0.92
0.96
0.91
0.89
0.98
0.93
0.91
0.98
0.91
0.95
0.91
1.0
1.0
0.87
0.99
0.95
1.0
0.95
0.91
0.91
0.95
0.97
1.0
0.95
0.95
0.91
0.8
0.91
0.95
0.96
0.91
0.86
0.87
0.88
0.96
0.95
0.94
0.97
0.9
0.94
0.99
0.93
0.95
0.98
0.93
0.91
0.96
0.96
0.94
0.93
0.89
0.94
0.89
0.93
0.94
0.88
0.9
0.98
0.85
0.9
0.89
0.97
0.97
0.89
0.94
0.92
0.97
0.93
0.89
0.93
0.94
0.97
1.0
1.0
0.96
0.95
0.93
0.89
0.98
0.92
0.98
0.96
0.92
0.91
0.94
0.99
0.98
0.91
0.89
0.83
0.81
0.84
0.9
0.87
0.98
0.97
0.95
0.92
0.89
0.93
0.97
0.99
0.96
0.98
1.0
0.89
1.0
0.95
0.9
0.9
0.91
0.92
0.96
0.98
0.97
0.9
0.94
0.98
0.85
0.98
0.97
0.72
0.83
0.93
0.97
0.89
0.92
0.89
0.97
0.86
0.93
0.85
0.89
0.92
0.94
0.96
0.97
1.0
0.96
0.94
0.95
0.9
0.95
0.91
1.0
0.98
0.98
0.96
0.97
0.96
0.95
0.97
0.97
0.88
0.84
0.86
0.99
0.91
0.9
0.94
0.99
0.87
0.98
0.91
0.93
0.87
0.89
0.99
0.97
0.94
0.93
0.88
0.96
0.92
0.86
0.93
0.98
0.98
0.92
0.96
0.96
0.9
0.92
0.93
0.94
0.82
0.89
0.89
0.96
0.89
0.94
0.89
0.99
0.98
0.97
0.94
0.92
0.95
0.91
1.0
0.98
0.97
0.97
0.9
0.96
0.97
0.91
0.86
0.97
0.98
0.96
0.89
0.95
0.87
0.89
0.94
0.94
0.86
0.86
0.89
0.91
0.91
0.9
0.98
0.96
0.94
0.98
0.91
0.94
0.95
0.97
0.99
0.94
0.99
0.91
0.9
0.89
0.96
0.95
0.92
0.92
0.98
0.9
1.0
0.95
0.84
0.93
0.92
0.94
0.82
0.76
0.94
0.93
0.95
0.96
0.93
0.92
0.94
0.92
0.97
0.88
0.9
0.93
0.88
0.98
1.0
0.92
0.97
0.99
0.92
0.92
0.98
0.97
0.87
0.96
0.92
0.95
0.89
0.95
0.92
0.97
0.8
0.9
0.86
0.94
0.89
0.92
0.97
0.9
0.94
0.95
0.88
0.98
0.96
0.88
0.9
0.88
0.88
0.94
0.94
0.94
0.97
0.9
0.89
0.97
1.0
0.94
0.9
0.99
0.99
0.96
0.98
0.99
0.94
0.93
0.92
0.93
0.89
0.92
0.88
0.87
0.93
0.94
0.93
0.98
0.93
0.88
0.93
0.93
0.87
0.93
0.98
0.95
0.84
0.83
0.9
0.97
0.98
0.94
0.95
0.9
0.94
0.92
0.95
0.88
0.98
0.88
0.89
0.98
0.91
0.91
0.94
0.97
0.96
0.98
0.97
0.88
0.91
0.87
0.86
0.96
0.88
1.0
0.95
0.92
0.95
0.86
0.91
0.96
0.96
0.96
0.91
0.93
0.97
0.97
0.96
0.95
0.86
0.84
0.97
0.97
0.98
0.91
0.85
0.93
0.9
0.98
0.98
0.96
0.92
0.9
0.93
0.92
0.96
0.96
0.97
0.94
0.99
0.95
0.93
0.95
0.98
0.98
0.96
0.86
0.94
0.94
0.88
0.92
0.85
0.89
0.96
0.97
1.0
0.91
0.94
0.97
0.99
0.99
0.99
0.91
0.95
0.97
0.95
0.96
0.98
0.94
0.94
0.92
0.98
0.95
1.0
0.92
0.98
0.87
0.96
0.93
0.94
0.98
0.98
0.95
0.98
0.87
0.88
0.98
0.97
0.92
0.99
0.95
0.99
0.9
0.98
0.99
0.99
0.94
0.92
0.91
0.95
0.94
0.91
0.98
0.94
0.88
1.0
0.97
0.97
0.98
0.88
0.91
0.97
0.99
1.0
0.97
0.96
0.83
0.95
0.97
0.97
0.99
0.94
0.99
0.94
0.84
0.9
0.89
0.97
0.97
0.95
0.99
0.95
0.9
0.91
0.98
0.96
0.95
0.92
0.97
0.91
0.92
0.97
0.97
0.96
0.95
0.91
0.98
0.88
0.87
0.9
0.95
0.99
0.96
0.96
0.96
0.87
0.94
0.9
0.88
0.89
0.93
0.97
0.98
0.96
0.94
0.97
0.92
0.93
0.99
0.89
0.95
0.9
0.94
0.93
0.93
0.95
0.93
0.96
0.98
0.98
0.89
0.92
0.94
1.0
0.88
0.98
0.94
0.87
0.96
0.94
0.89
0.97
0.95
0.91
0.97
0.98
0.94
0.98
0.95
0.96
0.88
0.93
1.0
0.84
0.93
0.97
0.97
0.98
0.96
0.97
0.93
0.96
0.91
0.91
0.91
0.94
0.89
0.95
0.96
0.95
0.98
0.94
0.94
0.92
0.94
0.97
0.98
0.97
0.83
0.94
0.89
0.87
0.86
0.92
0.93
0.86
0.88
0.91
0.9
0.89
0.92
0.84
0.83
0.78
0.83
0.92
0.81
0.83
0.94
0.95
0.9
0.83
0.92
0.87
0.96
0.92
0.95
0.89
0.93
0.75
0.74
0.75
0.84
0.76
0.88
0.89
0.94
0.77
0.85
0.86
0.85
0.82
0.86
0.89
0.74
0.79

8.83695652173913
9.444444444444445
9.151898734177216
7.59375
8.827586206896552
8.595744680851064
8.827956989247312
8.115789473684211
8.229885057471265
6.968421052631579
7.222222222222222
8.8
9.46987951807229
9.818181818181818
9.784810126582279
9.28735632183908
9.488636363636363
9.695121951219512
9.298850574712644
9.779220779220779
9.7375
8.910112359550562
8.659340659340659
7.14
7.833333333333333
9.448275862068966
10.168831168831169
9.662337662337663
9.318181818181818
8.806122448979592
9.340659340659341
8.256410256410257
8.963414634146341
9.226190476190476
8.86021505376344
8.24468085106383
8.440860215053764
8.8125
9.225806451612904
8.775510204081632
8.757894736842106
8.389473684210527
8.0
8.476190476190476
8.46236559139785
8.929411764705883
9.175824175824175
8.767676767676768
9.294736842105262
9.02061855670103
8.263157894736842
9.090909090909092
9.179775280898877
8.377551020408163
7.783505154639175
8.302083333333334
7.958762886597938
9.35632183908046
9.674418604651162
8.585858585858587
9.291666666666666
9.326315789473684
8.673469387755102
9.10958904109589
7.913978494623656
8.510204081632653
8.166666666666666
8.536082474226804
8.559139784946236
8.33
9.097826086956522
9.10989010989011
8.604166666666666
8.043956043956044
7.138297872340425
7.389473684210526
7.527472527472527
7.191489361702128
8.302083333333334
9.010416666666666
9.644444444444444
9.155555555555555
8.333333333333334
8.724489795918368
9.311111111111112
9.153846153846153
8.653061224489797
9.321428571428571
9.625
9.844444444444445
9.170212765957446
9.257731958762887
9.4375
9.244897959183673
9.051020408163266
9.146067415730338
9.45054945054945
8.901098901098901
7.854166666666667
8.918367346938776
8.670212765957446
9.010416666666666
9.0
8.31958762886598
7.474226804123711
7.35
6.65625
5.927083333333333
7.5
7.793478260869565
8.376344086021506
8.694736842105263
9.45054945054945
9.6
8.639175257731958
8.74468085106383
9.420454545454545
9.647727272727273
9.387755102040817
10.098901098901099
10.172043010752688
9.612903225806452
10.033333333333333
10.172043010752688
9.463157894736842
9.10752688172043
8.612244897959183
9.44186046511628
9.620253164556962
9.793478260869565
9.46808510638298
9.301075268817204
8.48936170212766
8.412371134020619
8.870967741935484
8.720430107526882
8.23076923076923
7.606060606060606
7.462365591397849
7.515463917525773
7.622222222222222
6.7368421052631575
7.23469387755102
7.53
8.061224489795919
9.02127659574468
9.166666666666666
8.708333333333334
8.626262626262626
9.29
8.828282828282829
9.597938144329897
9.979166666666666
10.307692307692308
10.224719101123595
10.173913043478262
9.903225806451612
9.170212765957446
9.58695652173913
9.09375
8.525773195876289
9.389473684210527
9.80232558139535
9.853932584269662
8.652173913043478
8.871794871794872
8.927710843373495
8.235955056179776
8.063829787234043
8.068181818181818
7.821428571428571
8.074468085106384
7.957894736842105
8.145833333333334
8.144329896907216
7.690721649484536
7.835164835164835
9.03370786516854
9.476190476190476
9.637362637362637
9.827586206896552
9.536842105263158
8.842105263157896
9.52127659574468
9.0
10.48314606741573
10.152941176470588
9.98913043478261
9.0
9.553191489361701
9.9
9.986486486486486
8.634408602150538
9.386363636363637
9.612903225806452
10.311827956989248
9.824175824175825
9.517241379310345
8.726315789473684
7.5
7.197916666666667
7.368421052631579
7.414141414141414
8.061855670103093
7.909090909090909
8.648936170212766
8.452631578947368
8.052083333333334
6.959595959595959
8.021052631578947
8.582417582417582
8.887755102040817
9.855555555555556
10.043956043956044
9.489795918367347
9.9375
8.927835051546392
9.954545454545455
9.54945054945055
9.146067415730338
8.865168539325843
8.404040404040405
9.795698924731182
9.578313253012048
9.393617021276595
8.808510638297872
9.742268041237113
10.206521739130435
9.577777777777778
9.064516129032258
8.350515463917526
7.061855670103093
6.510204081632653
7.1
8.354166666666666
8.822916666666666
8.583333333333334
9.061224489795919
8.418367346938776
7.46
7.448979591836735
7.877551020408164
8.347826086956522
8.42
9.844444444444445
10.719101123595506
10.583333333333334
10.021978021978022
9.735632183908047
9.39080459770115
7.530612244897959
8.053191489361701
8.239583333333334
8.724137931034482
9.177777777777777
9.033333333333333
9.24731182795699
9.287234042553191
9.554347826086957
9.782608695652174
9.369565217391305
8.934065934065934
7.945054945054945
6.989583333333333
4.85
6.719101123595506
7.865979381443299
8.6
9.409090909090908
9.606741573033707
8.53
8.25
8.32
8.75
8.350515463917526
8.43
9.393617021276595
10.659340659340659
10.689655172413794
10.021978021978022
9.76086956521739
8.729166666666666
7.979166666666667
7.979381443298969
6.71
8.202127659574469
8.852631578947369
8.606382978723405
8.894736842105264
9.325842696629213
9.839080459770114
9.257731958762887
8.720430107526882
8.202127659574469
7.989130434782608
7.770833333333333
7.48936170212766
7.4361702127659575
8.347368421052632
9.082474226804123
9.350515463917526
9.511111111111111
8.395833333333334
8.351648351648352
8.408163265306122
9.031578947368422
8.5625
9.13978494623656
9.368421052631579
10.021052631578947
10.215909090909092
9.591397849462366
8.97979797979798
8.979591836734693
8.795454545454545
8.460674157303371
7.65625
8.824175824175825
9.0
9.333333333333334
8.747252747252746
7.99
9.34020618556701
9.404255319148936
8.781609195402298
8.0
6.747368421052632
7.858695652173913
8.55056179775281
8.473684210526315
9.157894736842104
9.16842105263158
9.627906976744185
9.157303370786517
8.06
8.357894736842105
8.857142857142858
9.166666666666666
8.639175257731958
9.55056179775281
9.316326530612244
8.901098901098901
9.322222222222223
8.12
8.97872340425532
8.98989898989899
9.03191489361702
9.135416666666666
8.532608695652174
9.415730337078651
9.304347826086957
8.854166666666666
9.481927710843374
9.0
9.4375
9.53763440860215
8.51
8.77659574468085
8.806451612903226
8.583333333333334
9.188235294117646
9.397727272727273
8.9
8.9375
8.882978723404255
8.806451612903226
7.8936170212765955
7.673684210526316
8.279069767441861
8.53125
8.619565217391305
8.82
8.78888888888889
8.445652173913043
8.25
7.979591836734694
8.587628865979381
9.277777777777779
9.414893617021276
8.989583333333334
8.206185567010309
9.104166666666666
8.377551020408163
7.835051546391752
9.790123456790123
9.257731958762887
8.908163265306122
9.314606741573034
9.16326530612245
9.725274725274724
9.5
9.03125
9.846153846153847
9.775280898876405
9.306122448979592
8.67741935483871
8.736263736263735
7.591836734693878
7.065934065934066
6.778947368421052
7.34065934065934
7.67
7.92
8.011494252873563
7.5353535353535355
7.71578947368421
7.76
8.189473684210526
9.208791208791208
9.461538461538462
8.894736842105264
8.70103092783505
8.35
9.063157894736841
8.842105263157896
8.527472527472527
9.35
9.010989010989011
8.76842105263158
8.75
9.527472527472527
10.023255813953488
9.64367816091954
9.272727272727273
9.041666666666666
9.652631578947368
9.148936170212766
8.010309278350515
7.722222222222222
6.5638297872340425
5.121212121212121
4.741935483870968
5.463157894736842
6.591836734693878
7.10752688172043
7.197802197802198
6.770833333333333
6.760416666666667
6.98936170212766
8.075268817204302
9.146067415730338
9.436170212765957
9.314606741573034
9.440860215053764
9.393617021276595
10.125
10.033333333333333
9.448979591836734
7.658823529411765
8.811111111111112
8.730337078651685
8.670103092783505
8.793814432989691
9.561797752808989
8.851063829787234
9.304347826086957
9.144329896907216
9.548387096774194
9.337078651685394
7.881720430107527
6.829787234042553
5.082474226804123
3.03
1.0
3.15625
5.336842105263158
6.333333333333333
6.921348314606742
6.959183673469388
6.934782608695652
5.591836734693878
6.791666666666667
8.41304347826087
9.087912087912088
9.202127659574469
9.383838383838384
9.306122448979592
10.131868131868131
10.303370786516854
10.614457831325302
9.246913580246913
9.0
9.377777777777778
9.482758620689655
9.561224489795919
9.257731958762887
9.368421052631579
9.923913043478262
9.696629213483146
10.096774193548388
9.237113402061855
7.7272727272727275
6.333333333333333
4.295918367346939
1.0
2.0
1.0
5.2105263157894735
6.344444444444444
7.311111111111111
7.714285714285714
7.717391304347826
6.90625
7.581632653061225
8.29896907216495
9.044444444444444
8.96808510638298
8.96938775510204
9.741176470588234
9.040816326530612
9.68041237113402
10.38888888888889
9.168674698795181
8.516129032258064
8.68041237113402
9.460674157303371
10.065217391304348
9.314606741573034
8.577319587628866
9.418604651162791
9.35483870967742
10.047058823529412
9.584269662921349
7.945652173913044
6.957446808510638
5.375
3.0412371134020617
1.0
3.3229166666666665
5.638297872340425
6.4526315789473685
7.622222222222222
8.557894736842105
8.56043956043956
7.76
8.061224489795919
8.214285714285714
8.864583333333334
9.154639175257731
9.822916666666666
10.147368421052631
9.793814432989691
10.0
10.284090909090908
9.976190476190476
9.476744186046512
8.757575757575758
9.0
9.688888888888888
9.106382978723405
7.808080808080808
9.149425287356323
9.357142857142858
9.934065934065934
9.623655913978494
8.781609195402298
8.03370786516854
6.94949494949495
5.072164948453608
4.191489361702128
5.43010752688172
6.136363636363637
6.84375
8.402173913043478
8.953488372093023
8.881720430107526
8.76530612244898
8.438775510204081
8.934782608695652
8.895833333333334
9.020833333333334
10.033333333333333
9.826086956521738
10.311827956989248
10.053191489361701
10.75609756097561
9.741573033707866
10.146067415730338
9.625
9.842696629213483
10.095744680851064
9.831460674157304
9.080808080808081
9.275510204081632
8.958762886597938
9.712765957446809
9.369565217391305
9.021052631578947
8.54945054945055
7.42
6.571428571428571
6.649484536082475
7.195876288659794
7.011111111111111
7.385416666666667
8.536082474226804
9.494505494505495
9.709302325581396
9.31958762886598
9.173469387755102
8.447916666666666
8.898876404494382
9.2
9.977011494252874
10.235955056179776
10.5
10.425531914893616
10.313953488372093
9.906976744186046
10.426966292134832
10.31868131868132
9.912087912087912
10.28888888888889
9.704081632653061
9.375
9.446808510638299
8.724489795918368
9.538461538461538
9.138297872340425
9.389473684210527
8.360824742268042
7.96969696969697
7.25531914893617
7.636363636363637
7.912087912087912
7.855555555555555
8.696629213483146
9.34375
9.56842105263158
9.532608695652174
9.304347826086957
8.877551020408163
8.644444444444444
8.25
9.031578947368422
9.619047619047619
9.397849462365592
9.858695652173912
10.319148936170214
10.695121951219512
10.75
10.308510638297872
10.344086021505376
10.273684210526316
10.03125
9.440860215053764
9.130434782608695
9.393617021276595
9.315217391304348
8.77319587628866
9.022727272727273
9.566666666666666
8.838709677419354
8.511363636363637
7.928571428571429
8.3
7.989130434782608
7.175257731958763
8.282828282828282
9.271739130434783
9.543478260869565
8.755102040816327
8.484536082474227
9.0
8.729166666666666
8.934782608695652
8.505263157894737
9.202247191011235
8.421052631578947
9.41304347826087
9.484536082474227
9.5625
10.3
10.232558139534884
9.404255319148936
10.48314606741573
10.184782608695652
10.030927835051546
9.844444444444445
9.425531914893616
9.389473684210527
8.659090909090908
7.714285714285714
8.5625
9.352272727272727
9.333333333333334
9.318181818181818
8.943181818181818
8.319148936170214
7.787234042553192
8.180851063829786
8.649484536082474
9.022222222222222
9.101123595505618
8.360824742268042
8.13
8.180851063829786
8.544444444444444
8.06060606060606
8.868686868686869
9.03125
8.561224489795919
8.292929292929292
7.797872340425532
9.204301075268818
9.641304347826088
9.688172043010752
10.314606741573034
9.83695652173913
10.397727272727273
10.206896551724139
9.741935483870968
8.553191489361701
8.03225806451613
8.10204081632653
9.505376344086022
10.465909090909092
10.301075268817204
9.78494623655914
8.74712643678161
7.827956989247312
6.704081632653061
7.810526315789474
8.238095238095237
8.951807228915662
8.811111111111112
7.463917525773196
7.061224489795919
7.351063829787234
8.052631578947368
8.28888888888889
8.680851063829786
8.934782608695652
9.115789473684211
8.738636363636363
7.86734693877551
9.204545454545455
9.191011235955056
8.285714285714286
9.472527472527473
10.296703296703297
9.946808510638299
9.556701030927835
9.614583333333334
8.346938775510203
8.536082474226804
8.875
9.76923076923077
10.827586206896552
10.593023255813954
9.239583333333334
8.193181818181818
6.55
7.273684210526316
7.706521739130435
8.094736842105263
8.30232558139535
8.0
6.979166666666667
5.354166666666667
5.28125
6.78021978021978
7.860215053763441
8.0
8.422680412371134
8.854166666666666
8.2
8.732558139534884
7.357142857142857
7.742268041237113
8.505154639175258
9.23469387755102
10.142857142857142
10.211764705882352
9.483870967741936
8.3
7.081632653061225
7.989795918367347
8.458333333333334
9.33695652173913
10.377777777777778
10.193548387096774
9.456521739130435
8.114583333333334
7.59375
7.752577319587629
8.085106382978724
7.474747474747475
7.821052631578947
7.440860215053763
7.08421052631579
6.795918367346939
6.1938775510204085
6.197916666666667
7.0813953488372094
7.170212765957447
7.51063829787234
7.818181818181818
8.532608695652174
8.952941176470588
8.134831460674157
8.104166666666666
8.556701030927835
9.16
9.967032967032967
9.404255319148936
9.092783505154639
7.848484848484849
7.696969696969697
7.828282828282828
9.010989010989011
9.421052631578947
9.43298969072165
9.694736842105263
9.197916666666666
8.66326530612245
8.51063829787234
8.063829787234043
8.076086956521738
7.520408163265306
7.4
6.5
6.9021739130434785
6.6938775510204085
6.425287356321839
5.71875
6.741935483870968
5.617021276595745
6.510204081632653
6.73469387755102
7.336842105263158
8.091836734693878
7.896551724137931
8.306818181818182
7.6020408163265305
8.68041237113402
9.304347826086957
9.090909090909092
8.989473684210527
8.242424242424242
8.766666666666667
8.540816326530612
8.262626262626263
8.515151515151516
9.170212765957446
9.652173913043478
9.32967032967033
9.042105263157895
9.063829787234043
8.714285714285714
7.857142857142857
7.457446808510638
6.568181818181818
5.15
6.896907216494846
7.525773195876289
6.795918367346939
6.863636363636363
7.604395604395604
7.257731958762887
7.222222222222222
7.2
7.11340206185567
8.041666666666666
8.506024096385541
8.442105263157895
8.329896907216495
8.350515463917526
8.707070707070708
9.340425531914894
8.8989898989899
9.48936170212766
9.845238095238095
9.777777777777779
9.539325842696629
8.649484536082474
8.97938144329897
9.305263157894737
8.212121212121213
8.957894736842105
9.688888888888888
9.274725274725276
7.887755102040816
7.958333333333333
7.663157894736842
6.9021739130434785
7.371134020618556
8.472527472527473
8.173913043478262
7.721649484536083
8.31958762886598
8.46875
8.221052631578948
7.8901098901098905
7.255102040816326
7.670454545454546
8.574712643678161
8.822222222222223
8.147368421052631
7.757575757575758
9.166666666666666
9.145833333333334
8.947916666666666
10.022988505747126
9.936170212765957
9.833333333333334
9.965909090909092
9.47191011235955
9.03225806451613
9.051546391752577
8.346938775510203
9.09375
9.52127659574468
9.525773195876289
9.576086956521738
8.978494623655914
8.0
8.224719101123595
7.610526315789474
8.777777777777779
9.053191489361701
8.838709677419354
8.827956989247312
8.705263157894738
8.43010752688172
8.229166666666666
7.928571428571429
8.244897959183673
9.52808988764045
9.152173913043478
8.76595744680851
8.3
9.602272727272727
8.989795918367347
9.436170212765957
9.850574712643677
9.572916666666666
8.872340425531915
9.359550561797754
8.463917525773196
8.694736842105263
8.978021978021978
8.051546391752577
8.83673469387755
9.691489361702128
9.091836734693878
9.694736842105263
9.291666666666666
9.034090909090908
8.827956989247312
7.53
8.976190476190476
9.333333333333334
8.793814432989691
9.103092783505154
8.642857142857142
8.145833333333334
8.8659793814433
8.935483870967742
8.927083333333334
9.12087912087912
9.802197802197803
9.68131868131868
9.319148936170214
9.719101123595506
9.23157894736842
9.375
9.2
8.979591836734693
8.893617021276595
9.24468085106383
8.902173913043478
9.24468085106383
8.814432989690722
8.755102040816327
9.350515463917526
10.373493975903614
9.872340425531915
10.382022471910112
10.264367816091953
10.290697674418604
9.521739130434783
8.591397849462366
9.813953488372093
10.363636363636363
10.076923076923077
10.044444444444444
9.651685393258427
8.66304347826087
9.666666666666666
9.903614457831326
10.128205128205128
9.506024096385541
9.728260869565217
10.567901234567902
10.08433734939759
9.72340425531915
9.221052631578948
8.955555555555556
9.710843373493976
8.902173913043478
8.96551724137931
9.395833333333334
9.41304347826087
9.031578947368422
9.089887640449438
9.258064516129032
10.426666666666666
11.35135135135135
11.253333333333334
10.928571428571429
11.052631578947368
9.465909090909092
9.146067415730338
8.946808510638299
9.974025974025974
10.388235294117647
10.209302325581396
10.258823529411766
10.378048780487806
9.104651162790697
9.932584269662922
10.594594594594595
10.341772151898734
