0.82
0.86
0.9
0.94
0.93
0.95
0.89
0.95
0.94
0.95
0.97
0.93
0.91
0.97
0.96
0.97
0.94
0.96
0.96
0.9
0.89
0.9
0.92
0.98
0.95
0.93
0.92
0.93
0.93
0.93
0.92
0.87
0.91
0.97
0.97
0.95
0.95
0.98
0.98
0.99
1.0
0.96
0.97
0.98
0.97
0.98
0.98
0.96
0.99
1.0
0.98
0.98
0.99
0.98
0.97
0.96
0.98
0.99
0.98
0.99
0.96
0.96
0.96
0.91
0.91
0.96
0.99
0.99
0.98
1.0
0.96
1.0
0.99
1.0
0.99
0.98
1.0
1.0
0.99
0.98
1.0
0.96
0.99
0.99
0.99
1.0
0.99
0.98
0.99
0.98
0.99
0.99
1.0
0.96
0.95
0.91
0.95
0.99
1.0
0.99
1.0
0.98
0.96
0.98
0.99
1.0
1.0
0.97
0.99
0.99
1.0
0.99
0.98
0.99
1.0
1.0
0.98
1.0
0.99
1.0
0.97
0.99
0.98
0.97
1.0
0.99
1.0
0.94
0.92
0.98
0.99
1.0
1.0
1.0
0.98
0.99
0.98
0.98
0.98
0.99
0.97
1.0
1.0
1.0
1.0
0.99
1.0
0.99
1.0
1.0
0.99
1.0
0.96
0.99
1.0
0.98
0.99
1.0
1.0
0.96
0.92
0.98
0.99
0.99
0.98
0.98
0.98
0.98
0.99
0.98
0.98
0.98
0.98
1.0
1.0
1.0
0.99
0.99
1.0
0.98
0.97
0.99
0.99
0.98
0.99
0.99
0.99
0.99
1.0
0.98
1.0
0.95
0.92
0.98
0.98
0.97
0.98
1.0
1.0
1.0
1.0
1.0
1.0
0.97
1.0
1.0
0.98
0.99
0.98
0.99
1.0
0.96
0.98
0.99
0.98
1.0
0.99
0.99
0.97
1.0
0.99
0.96
0.99
0.95
0.93
0.98
1.0
0.97
1.0
1.0
0.99
0.98
0.99
1.0
0.99
0.98
0.99
0.99
1.0
1.0
0.98
0.99
0.99
0.99
0.98
0.99
0.99
1.0
0.99
0.99
0.98
0.99
0.95
0.98
0.98
0.93
0.92
0.97
0.96
0.99
0.98
0.99
1.0
0.97
0.99
0.99
0.99
1.0
0.95
0.99
0.99
0.98
0.99
1.0
0.99
0.98
0.99
1.0
0.99
1.0
0.98
1.0
0.98
0.99
0.98
0.99
0.97
0.94
0.96
0.99
1.0
0.99
1.0
1.0
1.0
1.0
1.0
1.0
0.99
1.0
0.97
1.0
1.0
0.99
0.99
1.0
0.98
1.0
0.99
0.99
0.98
0.99
0.99
1.0
1.0
0.97
1.0
1.0
0.98
0.95
0.99
0.98
1.0
1.0
0.98
1.0
0.99
0.99
0.99
0.99
1.0
0.99
1.0
1.0
0.99
0.98
1.0
0.99
1.0
0.98
1.0
1.0
0.99
0.98
0.97
1.0
0.99
0.99
0.98
1.0
0.98
0.93
0.97
0.98
0.98
0.98
0.99
0.99
1.0
1.0
0.99
0.98
0.99
0.99
0.98
1.0
0.99
0.99
1.0
0.98
0.99
0.96
0.98
0.98
1.0
0.99
0.98
0.97
0.99
1.0
0.97
0.98
0.97
0.95
0.94
0.99
0.98
1.0
0.99
0.99
0.98
0.98
1.0
0.99
0.97
0.98
0.99
0.96
0.99
0.97
0.99
0.99
1.0
0.99
1.0
0.99
0.98
0.99
1.0
1.0
0.99
0.98
0.99
0.99
0.98
0.95
0.98
1.0
0.98
1.0
0.97
0.99
1.0
1.0
0.99
0.99
0.98
0.96
0.98
0.98
1.0
0.99
1.0
0.99
0.98
1.0
0.99
0.96
0.98
0.98
1.0
0.99
0.99
0.99
0.97
0.97
1.0
0.96
0.94
0.98
1.0
0.99
0.97
0.97
1.0
0.99
1.0
0.99
1.0
0.97
0.98
0.99
0.99
1.0
1.0
0.99
0.99
1.0
1.0
0.99
0.98
0.97
1.0
0.98
0.98
1.0
0.98
1.0
0.99
0.96
0.98
0.97
0.98
0.99
0.97
0.99
0.99
0.99
1.0
1.0
0.95
0.98
0.97
0.98
1.0
0.99
1.0
0.99
1.0
0.99
1.0
0.99
0.98
0.95
0.99
1.0
1.0
1.0
0.98
1.0
0.99
0.95
0.93
0.97
0.99
1.0
0.99
0.99
0.97
0.99
1.0
1.0
0.98
0.99
0.98
1.0
1.0
1.0
1.0
0.99
0.96
1.0
1.0
1.0
0.99
0.99
0.98
1.0
1.0
1.0
0.99
0.97
0.98
0.95
0.89
0.96
0.99
0.98
0.99
1.0
1.0
0.99
0.99
1.0
0.98
0.99
0.98
0.98
0.99
0.99
0.98
0.97
0.97
0.99
0.99
1.0
0.99
0.99
1.0
0.97
1.0
0.99
0.99
1.0
0.97
0.96
0.93
0.97
0.97
1.0
0.99
0.99
0.98
1.0
0.98
0.98
0.98
0.99
0.98
0.97
0.99
0.97
0.98
0.98
0.98
0.97
0.98
0.98
0.99
0.99
1.0
0.95
0.98
1.0
1.0
0.99
0.99
0.92
0.97
0.98
0.96
0.99
1.0
1.0
1.0
0.99
0.98
1.0
1.0
1.0
1.0
0.99
0.98
1.0
0.99
0.99
0.99
0.98
1.0
1.0
1.0
0.98
0.99
0.99
0.97
0.99
0.99
1.0
0.99
0.89
0.94
0.98
0.99
0.98
0.99
0.99
0.99
0.98
0.99
0.99
1.0
1.0
0.97
0.97
1.0
1.0
0.99
0.98
0.97
0.99
1.0
0.98
0.99
0.99
0.99
0.99
0.99
0.96
0.98
0.98
0.99
0.93
0.97
0.99
0.98
0.97
1.0
1.0
0.99
0.99
0.98
0.98
0.99
0.99
0.98
0.99
0.98
1.0
0.98
1.0
0.98
0.99
0.99
0.99
0.99
0.99
0.99
0.98
0.99
1.0
0.98
1.0
0.99
0.93
0.93
0.99
0.97
1.0
1.0
0.98
0.97
0.98
0.95
0.99
0.99
0.97
0.99
0.98
1.0
0.99
0.98
0.98
0.98
0.98
0.99
1.0
1.0
0.99
1.0
1.0
0.97
0.99
0.99
1.0
0.98
0.93
0.97
0.98
0.99
1.0
1.0
1.0
1.0
0.98
0.99
1.0
0.97
0.98
0.99
0.99
0.99
0.98
0.98
0.97
0.98
1.0
0.99
0.98
0.97
1.0
1.0
0.99
0.99
0.98
1.0
1.0
0.99
0.93
0.98
0.98
0.98
0.97
0.97
0.99
1.0
0.97
0.99
1.0
1.0
0.98
0.99
0.99
1.0
0.98
0.99
0.99
0.99
1.0
0.97
0.99
1.0
0.99
0.99
0.99
1.0
1.0
1.0
1.0
0.98
0.97
0.93
0.99
0.98
0.99
0.99
0.97
1.0
0.99
0.98
0.99
0.95
0.99
0.99
1.0
0.99
1.0
0.99
0.97
1.0
0.99
0.99
0.99
1.0
0.99
0.99
0.99
0.98
1.0
1.0
1.0
0.99
0.96
0.97
0.99
0.99
0.97
0.97
0.95
0.97
1.0
0.98
0.97
0.98
1.0
0.99
1.0
0.98
1.0
1.0
0.96
1.0
0.98
0.98
1.0
1.0
0.99
1.0
0.99
0.98
0.99
1.0
0.98
0.98
0.95
0.97
0.97
0.97
0.93
0.98
0.99
0.99
1.0
0.99
1.0
0.98
0.99
0.99
1.0
0.99
1.0
0.99
0.99
0.99
0.98
1.0
0.98
0.99
0.98
1.0
0.97
0.98
0.99
0.98
0.98
0.97
0.94
0.97
1.0
0.98
1.0
0.99
1.0
0.99
0.97
0.97
0.99
0.98
1.0
1.0
0.99
0.99
0.99
1.0
1.0
0.99
0.99
0.99
0.98
1.0
1.0
0.99
0.99
0.96
0.96
0.99
0.99
0.98
0.9
0.91
0.96
0.99
1.0
1.0
0.98
0.99
0.98
0.98
0.99
0.98
0.97
0.99
0.99
0.99
0.99
1.0
1.0
1.0
0.98
0.98
0.99
0.99
0.99
0.99
0.99
1.0
0.99
0.98
0.97
0.97
0.91
0.91
0.92
0.98
0.98
1.0
0.95
0.99
0.98
0.97
0.97
1.0
0.98
0.99
0.97
1.0
0.99
0.99
0.98
1.0
0.95
0.99
0.97
0.98
0.97
0.98
0.97
0.98
0.96
0.99
0.96
0.93
0.88
0.86
0.94
0.98
0.95
0.98
0.94
0.92
0.94
0.94
0.97
0.96
0.92
0.92
0.97
1.0
0.96
0.96
0.97
0.95
0.93
0.94
0.94
0.94
0.89
0.94
0.96
0.96
0.93
0.93
0.91
0.92
0.84

30.195121951219512
29.488372093023255
28.466666666666665
27.53191489361702
26.688172043010752
25.86315789473684
25.146067415730336
24.11578947368421
23.29787234042553
22.705263157894738
22.02061855670103
21.731182795698924
21.208791208791208
20.7319587628866
20.208333333333332
20.278350515463917
20.27659574468085
20.479166666666668
20.979166666666668
21.355555555555554
22.04494382022472
23.044444444444444
23.717391304347824
24.428571428571427
25.11578947368421
26.118279569892472
27.0
27.817204301075268
28.817204301075268
29.580645161290324
30.543478260869566
31.45977011494253
29.505494505494507
28.577319587628867
27.68041237113402
26.71578947368421
25.652631578947368
24.775510204081634
23.918367346938776
22.98989898989899
22.42
21.666666666666668
20.876288659793815
20.428571428571427
19.90721649484536
19.632653061224488
19.183673469387756
19.166666666666668
19.383838383838384
19.3
19.591836734693878
20.20408163265306
21.02020202020202
21.775510204081634
22.7319587628866
23.270833333333332
23.897959183673468
25.09090909090909
26.040816326530614
26.828282828282827
27.729166666666668
28.75
29.625
30.703296703296704
28.593406593406595
27.520833333333332
26.565656565656564
25.666666666666668
24.73469387755102
23.74
22.8125
22.0
21.333333333333332
20.56
19.87878787878788
19.122448979591837
18.94
18.52
17.939393939393938
17.653061224489797
17.8
18.020833333333332
18.545454545454547
19.181818181818183
20.12121212121212
20.76
21.656565656565657
22.122448979591837
22.90909090909091
23.918367346938776
25.050505050505052
25.90909090909091
26.82
27.958333333333332
29.010526315789473
29.98901098901099
27.757894736842104
26.727272727272727
25.8
24.848484848484848
23.58
22.46938775510204
21.645833333333332
20.816326530612244
20.19191919191919
19.44
18.64
17.835051546391753
17.464646464646464
17.21212121212121
16.5
16.303030303030305
16.387755102040817
16.646464646464647
17.26
17.78
19.224489795918366
19.8
20.636363636363637
21.3
21.927835051546392
22.98989898989899
24.06122448979592
25.072164948453608
25.98
26.86868686868687
28.02
29.085106382978722
26.73913043478261
25.6734693877551
24.747474747474747
23.62
22.68
21.66
20.612244897959183
19.666666666666668
18.816326530612244
18.3265306122449
17.53061224489796
16.696969696969695
16.20618556701031
15.76
15.12
15.02
15.06
15.464646464646465
16.02
16.737373737373737
17.7
18.5
19.414141414141415
20.34
21.020833333333332
22.01010101010101
23.04
23.93877551020408
24.92929292929293
26.04
27.08
28.041666666666668
25.73913043478261
24.571428571428573
23.727272727272727
22.626262626262626
21.73469387755102
20.53061224489796
19.448979591836736
18.591836734693878
17.767676767676768
17.183673469387756
16.46938775510204
15.571428571428571
15.040816326530612
14.48
14.0
13.58
13.828282828282829
14.141414141414142
14.84
15.755102040816327
16.50515463917526
17.555555555555557
18.353535353535353
18.979591836734695
19.949494949494948
21.09090909090909
22.07070707070707
23.07070707070707
23.98
25.163265306122447
26.22
27.094736842105263
24.934782608695652
23.897959183673468
22.836734693877553
21.68041237113402
20.489795918367346
19.46
18.5
17.66
16.86
16.04
15.34
14.34020618556701
13.86
13.1
12.714285714285714
12.272727272727273
12.612244897959183
13.06060606060606
13.8
14.5
15.46938775510204
16.414141414141415
17.26530612244898
18.2
18.98989898989899
20.13131313131313
21.11340206185567
22.2
23.171717171717173
24.229166666666668
25.515151515151516
26.49473684210526
24.182795698924732
23.081632653061224
22.08
20.84536082474227
19.7
18.62
17.565656565656564
16.73469387755102
15.686868686868687
14.92
14.131313131313131
13.10204081632653
12.373737373737374
11.83838383838384
11.4
11.06
11.36734693877551
11.696969696969697
12.575757575757576
13.292929292929292
14.387755102040817
15.454545454545455
16.292929292929294
16.88
17.848484848484848
19.050505050505052
20.26530612244898
21.353535353535353
22.305263157894736
23.632653061224488
24.632653061224488
25.827956989247312
23.23913043478261
22.1340206185567
21.104166666666668
19.90909090909091
18.714285714285715
17.565656565656564
16.56
15.742268041237113
14.666666666666666
13.747474747474747
12.848484848484848
11.96
10.989473684210527
10.757575757575758
10.282828282828282
9.795918367346939
9.777777777777779
10.36
11.454545454545455
12.224489795918368
13.212121212121213
14.24
14.909090909090908
16.08
16.959183673469386
18.1
19.122448979591837
20.393939393939394
21.448979591836736
22.595959595959595
23.690721649484537
24.93617021276596
22.5
21.575757575757574
20.5
19.252525252525253
18.12
16.88
15.98
14.78
13.8
12.7
11.848484848484848
10.98
10.154639175257731
9.56
8.76
8.525252525252526
8.858585858585858
9.32
10.46938775510204
11.26
12.01010101010101
12.929292929292929
13.979591836734693
15.030303030303031
16.252525252525253
17.2
18.38
19.587628865979383
20.6
21.94
23.040816326530614
24.210526315789473
21.838383838383837
20.775510204081634
19.62
18.58
17.551020408163264
16.22
15.212121212121213
13.98989898989899
13.090909090909092
11.828282828282829
11.06
10.05050505050505
8.92
8.04
7.393939393939394
7.285714285714286
7.5
7.96969696969697
9.06
9.857142857142858
10.7
11.78
13.070707070707071
14.428571428571429
15.608247422680412
16.62
17.77777777777778
18.97979797979798
20.163265306122447
21.3
22.612244897959183
23.731182795698924
21.412371134020617
20.26530612244898
18.918367346938776
17.857142857142858
16.838383838383837
15.373737373737374
14.32
13.26
12.05050505050505
10.83673469387755
9.828282828282829
8.727272727272727
7.755102040816326
6.92
6.111111111111111
5.838383838383838
6.0
6.73469387755102
7.666666666666667
8.791666666666666
9.857142857142858
10.83673469387755
12.34
13.474747474747474
14.857142857142858
15.97938144329897
17.161616161616163
18.6
19.8659793814433
21.06122448979592
22.030927835051546
23.305263157894736
20.97872340425532
19.828282828282827
18.73469387755102
17.54
16.484848484848484
15.1010101010101
13.918367346938776
12.73469387755102
11.32
10.292929292929292
8.989690721649485
7.795918367346939
6.7272727272727275
5.541666666666667
4.909090909090909
4.690721649484536
4.767676767676767
5.484848484848484
6.62
7.666666666666667
8.92
10.171717171717171
11.448979591836734
12.919191919191919
13.96
15.36
16.383838383838384
17.93877551020408
19.454545454545453
20.636363636363637
21.551020408163264
22.789473684210527
20.73469387755102
19.5
18.244897959183675
17.04
15.70103092783505
14.323232323232324
13.06
12.02
10.777777777777779
9.616161616161616
8.183673469387756
6.791666666666667
5.591836734693878
4.530612244897959
3.44
2.8484848484848486
3.6
4.7272727272727275
5.73469387755102
7.0
8.353535353535353
9.5
10.89795918367347
12.204081632653061
13.62
14.868686868686869
16.050505050505052
17.454545454545453
19.061855670103093
20.061855670103093
21.32
22.520833333333332
20.78723404255319
19.285714285714285
17.94
16.77777777777778
15.463917525773196
14.1340206185567
12.82
11.747474747474747
10.2
9.242424242424242
7.9
6.092783505154639
4.979591836734694
3.4646464646464645
2.242424242424242
1.0
2.24
3.7474747474747474
4.909090909090909
6.5
7.74
9.0
10.408163265306122
12.030927835051546
13.36
14.448979591836734
15.612244897959183
17.22
18.816326530612244
19.98
21.232323232323232
22.270833333333332
20.448979591836736
19.278350515463917
17.897959183673468
16.626262626262626
15.474226804123711
14.121212121212121
12.777777777777779
11.636363636363637
10.16
9.0
7.421052631578948
6.061224489795919
4.34020618556701
2.5918367346938775
1.0
2.0
1.0
3.01010101010101
4.8
6.303030303030303
7.76
8.868686868686869
10.224489795918368
11.726315789473684
12.95959595959596
14.16
15.44
17.3
18.693877551020407
19.86
20.939393939393938
22.25263157894737
20.322580645161292
19.24742268041237
18.060606060606062
16.7
15.414141414141413
14.313131313131313
12.845360824742269
11.686868686868687
10.5
9.02
7.8979591836734695
6.393939393939394
4.979591836734694
3.54
2.42
1.0
2.1
3.707070707070707
4.958333333333333
6.58
7.9
9.14
10.262626262626263
11.585858585858587
12.83673469387755
14.08
15.52
17.08
18.282828282828284
19.45360824742268
20.775510204081634
22.11578947368421
20.50561797752809
19.208333333333332
18.07070707070707
16.979591836734695
15.727272727272727
14.44
13.14
12.080808080808081
10.676767676767676
9.74
8.53061224489796
7.05050505050505
5.673469387755102
4.571428571428571
3.6464646464646466
2.808080808080808
3.3877551020408165
4.577319587628866
5.88659793814433
7.03030303030303
8.232323232323232
9.58
10.878787878787879
11.97979797979798
13.32
14.639175257731958
15.92
17.050505050505052
18.414141414141415
19.6
20.835051546391753
22.041666666666668
20.967741935483872
19.8659793814433
18.63917525773196
17.4
16.060606060606062
15.16161616161616
13.89795918367347
12.84
11.408163265306122
10.26530612244898
8.979591836734693
7.848484848484849
6.714285714285714
5.65979381443299
4.808080808080808
4.319587628865979
4.653061224489796
5.530612244897959
6.63265306122449
7.804123711340206
9.081632653061224
10.122448979591837
11.656565656565656
12.636363636363637
13.92
15.126315789473685
16.285714285714285
17.26
18.62
19.828282828282827
21.07070707070707
22.152173913043477
21.24742268041237
20.285714285714285
19.0625
17.838383838383837
16.72
15.54
14.58
13.393939393939394
12.224489795918368
10.98
10.0
8.92
7.64
6.848484848484849
6.040816326530612
5.74
6.090909090909091
6.545454545454546
7.585858585858586
8.714285714285714
9.78
10.84
12.02
13.26530612244898
14.575757575757576
15.535353535353535
16.628865979381445
18.1010101010101
19.141414141414142
20.18
21.262626262626263
22.60674157303371
21.72340425531915
20.693877551020407
19.555555555555557
18.448979591836736
17.272727272727273
16.333333333333332
15.171717171717171
14.142857142857142
12.868686868686869
11.727272727272727
10.76
9.84
9.092783505154639
7.969072164948454
7.2
6.94
7.171717171717172
7.816326530612245
8.762886597938145
9.929292929292929
10.82
11.89795918367347
12.868686868686869
14.252525252525253
15.232323232323232
16.232323232323232
17.333333333333332
18.583333333333332
19.612244897959183
21.06122448979592
22.1010101010101
23.150537634408604
22.4020618556701
21.252525252525253
20.06122448979592
19.030927835051546
18.1
17.18
15.969696969696969
14.868686868686869
13.714285714285714
12.693877551020408
11.929292929292929
11.01010101010101
10.10204081632653
9.555555555555555
8.938775510204081
8.46
8.571428571428571
9.12
9.775510204081632
10.88888888888889
11.94949494949495
12.787878787878787
13.767676767676768
14.868686868686869
15.969696969696969
16.918367346938776
18.01010101010101
19.24
20.3265306122449
21.88
22.77777777777778
23.78494623655914
23.204301075268816
22.171717171717173
20.90721649484536
20.08
19.16
18.122448979591837
16.8659793814433
15.918367346938776
14.631578947368421
13.828282828282829
13.01010101010101
12.195876288659793
11.616161616161616
10.63265306122449
10.02
9.88888888888889
9.959183673469388
10.285714285714286
11.061224489795919
11.857142857142858
12.808080808080808
13.88
14.7
15.868686868686869
16.8
17.84
19.072164948453608
20.171717171717173
21.09090909090909
22.28
23.612244897959183
24.526881720430108
24.030927835051546
23.122448979591837
22.09090909090909
21.0
20.06
18.92
17.9
16.693877551020407
15.808080808080808
14.82
14.175257731958762
13.387755102040817
12.636363636363637
11.878787878787879
11.202020202020202
11.244897959183673
11.26530612244898
11.54639175257732
12.081632653061224
12.68
13.606060606060606
14.816326530612244
15.783505154639176
16.9
17.98
18.90909090909091
19.96969696969697
21.020408163265305
22.3
23.2
24.757575757575758
25.56989247311828
25.102040816326532
24.163265306122447
23.0
21.948453608247423
20.969072164948454
20.13131313131313
18.72
17.68041237113402
16.707070707070706
16.02
15.26
14.571428571428571
13.616161616161616
13.222222222222221
12.74
12.571428571428571
12.505050505050505
12.95959595959596
13.393939393939394
13.82
14.70103092783505
15.808080808080808
16.7
17.78787878787879
18.78787878787879
19.949494949494948
21.08
21.92
22.96
23.98
25.163265306122447
26.36082474226804
26.032258064516128
25.07070707070707
23.897959183673468
22.848484848484848
21.96969696969697
20.90721649484536
19.72
18.86868686868687
17.93877551020408
16.98989898989899
16.28421052631579
15.636363636363637
14.919191919191919
14.48
13.94949494949495
13.76
13.727272727272727
14.206185567010309
14.5
15.090909090909092
15.88888888888889
16.98989898989899
17.7
18.646464646464647
19.626262626262626
20.707070707070706
21.73469387755102
22.92
23.96
24.98
26.151515151515152
27.1875
26.927835051546392
25.96969696969697
25.01010101010101
23.8659793814433
23.11340206185567
22.03157894736842
20.762886597938145
19.74
19.040816326530614
18.237113402061855
17.346938775510203
16.76
16.12121212121212
15.78
15.26530612244898
14.86
15.1
15.4375
15.78
16.3265306122449
17.020408163265305
17.9
18.8
19.828282828282827
20.56
21.585858585858585
22.857142857142858
23.88888888888889
24.82
25.857142857142858
26.93877551020408
27.926315789473684
27.948453608247423
26.88659793814433
25.8659793814433
24.881720430107528
23.816326530612244
22.828282828282827
21.767676767676768
20.76
20.353535353535353
19.44
18.693877551020407
18.161616161616163
17.242424242424242
17.02
16.535353535353536
16.38
16.494949494949495
16.606060606060606
17.060606060606062
17.653061224489797
18.22
19.224489795918366
19.848484848484848
20.959183673469386
21.76
22.762886597938145
23.714285714285715
24.828282828282827
25.857142857142858
26.73469387755102
27.804123711340207
28.80851063829787
28.742268041237114
27.88
26.836734693877553
26.12
24.96969696969697
23.88
22.86868686868687
22.09278350515464
21.463917525773194
20.454545454545453
19.79591836734694
19.08
18.24
18.07070707070707
17.77777777777778
17.707070707070706
17.7
17.8
18.383838383838384
18.91919191919192
19.535353535353536
20.244897959183675
21.0
21.96
23.171717171717173
23.96969696969697
24.875
25.833333333333332
26.707070707070706
27.585858585858585
28.79591836734694
29.91111111111111
29.725274725274726
28.791666666666668
27.767676767676768
26.96
25.94
25.0
23.86868686868687
23.122448979591837
22.408163265306122
21.77777777777778
21.20408163265306
20.49484536082474
19.828282828282827
19.373737373737374
19.242424242424242
18.86868686868687
19.02
19.24
19.54
20.040816326530614
20.714285714285715
21.575757575757574
22.393939393939394
23.414141414141415
24.03030303030303
24.88888888888889
25.82
26.68686868686869
27.653061224489797
28.721649484536083
29.783505154639176
30.835164835164836
30.76923076923077
29.73913043478261
28.857142857142858
27.877551020408163
26.94
26.073684210526316
25.232323232323232
24.224489795918366
23.587628865979383
22.814432989690722
22.1
21.489795918367346
20.90909090909091
20.628865979381445
20.66
20.292929292929294
20.383838383838384
20.591836734693878
20.92
21.31578947368421
22.04040404040404
22.79381443298969
23.775510204081634
24.649484536082475
25.367346938775512
26.237113402061855
27.102040816326532
27.979166666666668
28.727272727272727
29.729166666666668
30.559139784946236
31.477272727272727
31.511627906976745
30.680851063829788
29.775510204081634
28.86315789473684
27.918367346938776
27.06382978723404
26.065217391304348
25.148936170212767
24.659574468085108
23.876288659793815
23.0
22.652173913043477
22.282608695652176
22.0
21.62
21.3125
21.479166666666668
21.77319587628866
22.28421052631579
22.516129032258064
23.106382978723403
24.0
24.680851063829788
25.865168539325843
26.4468085106383
27.1875
28.145833333333332
28.817204301075268
29.731182795698924
30.593406593406595
31.41304347826087
32.214285714285715
