1.0
0.94
0.97
0.98
0.95
1.0
0.98
1.0
0.99
1.0
1.0
1.0
0.97
0.94
0.99
0.99
0.99
0.98
0.98
0.98
0.97
0.99
0.99
1.0
1.0
0.99
0.96
0.98
0.99
1.0
0.99
0.93
0.98
0.97
0.99
0.99
1.0
1.0
0.99
1.0
1.0
1.0
1.0
1.0
1.0
1.0
1.0
1.0
0.99
0.99
0.99
0.99
0.98
1.0
1.0
1.0
1.0
1.0
1.0
1.0
0.99
1.0
1.0
0.95
1.0
1.0
1.0
1.0
1.0
1.0
0.99
1.0
1.0
0.99
1.0
1.0
1.0
1.0
1.0
0.99
0.98
0.97
1.0
1.0
1.0
0.99
1.0
0.97
0.98
1.0
1.0
0.99
0.99
1.0
1.0
0.99
1.0
0.98
1.0
1.0
1.0
1.0
1.0
1.0
0.99
1.0
0.99
1.0
1.0
1.0
1.0
0.99
0.97
0.98
1.0
1.0
0.98
0.98
0.99
0.98
0.98
1.0
1.0
0.99
1.0
1.0
1.0
0.99
0.98
1.0
1.0
1.0
1.0
1.0
1.0
0.98
1.0
1.0
1.0
1.0
1.0
1.0
1.0
1.0
1.0
0.97
1.0
1.0
1.0
0.99
1.0
1.0
1.0
0.98
1.0
1.0
1.0
1.0
0.98
0.98
1.0
1.0
0.98
0.99
1.0
1.0
1.0
1.0
1.0
0.99
1.0
0.99
1.0
1.0
0.99
0.99
1.0
1.0
1.0
0.99
0.99
0.99
1.0
1.0
1.0
0.98
0.99
1.0
1.0
1.0
1.0
0.99
1.0
0.99
1.0
0.99
0.97
1.0
0.99
1.0
1.0
1.0
1.0
1.0
1.0
0.98
0.99
1.0
1.0
1.0
1.0
1.0
1.0
0.99
1.0
0.99
1.0
1.0
0.98
1.0
0.98
1.0
1.0
0.96
0.99
1.0
1.0
0.98
1.0
1.0
1.0
0.99
1.0
1.0
1.0
1.0
1.0
1.0
1.0
1.0
1.0
1.0
1.0
1.0
0.99
0.99
0.98
1.0
0.99
0.99
1.0
0.99
1.0
0.99
0.97
1.0
0.99
0.99
1.0
0.96
0.98
0.97
0.99
0.99
1.0
0.99
1.0
1.0
0.99
0.99
1.0
0.99
1.0
0.99
0.99
1.0
1.0
1.0
0.98
0.99
1.0
1.0
1.0
0.99
0.99
1.0
0.99
1.0
0.99
1.0
0.99
0.98
1.0
1.0
1.0
0.99
1.0
1.0
1.0
1.0
0.99
0.99
1.0
0.99
1.0
1.0
0.99
1.0
1.0
0.99
1.0
0.99
1.0
1.0
1.0
0.97
1.0
0.99
1.0
1.0
1.0
1.0
1.0
1.0
0.99
1.0
1.0
1.0
1.0
1.0
1.0
1.0
1.0
1.0
1.0
1.0
1.0
0.98
1.0
1.0
0.99
1.0
1.0
1.0
1.0
1.0
1.0
1.0
0.97
0.99
0.98
1.0
0.99
0.99
1.0
0.99
1.0
1.0
0.99
1.0
1.0
0.99
1.0
1.0
1.0
0.98
0.99
1.0
1.0
1.0
1.0
1.0
0.99
1.0
0.99
1.0
1.0
0.99
0.99
1.0
0.99
0.98
1.0
1.0
0.97
1.0
1.0
0.99
1.0
1.0
0.99
1.0
0.99
0.99
0.98
0.98
1.0
1.0
0.98
1.0
0.99
1.0
1.0
1.0
1.0
0.98
1.0
1.0
1.0
0.99
1.0
1.0
1.0
1.0
1.0
1.0
1.0
0.97
1.0
1.0
0.97
0.99
0.99
0.98
1.0
1.0
1.0
1.0
1.0
1.0
1.0
1.0
0.99
0.98
1.0
0.99
1.0
1.0
0.96
0.99
0.98
1.0
0.98
0.99
1.0
0.98
0.98
0.99
1.0
1.0
0.99
1.0
1.0
1.0
1.0
1.0
1.0
1.0
1.0
0.99
1.0
1.0
1.0
1.0
0.98
1.0
1.0
1.0
1.0
1.0
0.98
1.0
0.98
0.99
1.0
1.0
0.99
1.0
0.98
0.96
0.98
0.98
0.99
1.0
1.0
1.0
0.99
1.0
1.0
0.98
1.0
1.0
1.0
1.0
1.0
1.0
0.99
1.0
0.97
1.0
0.97
1.0
1.0
1.0
1.0
0.97
1.0
1.0
0.98
1.0
1.0
0.96
0.99
0.98
0.99
0.99
1.0
0.99
1.0
1.0
1.0
0.96
1.0
1.0
0.99
1.0
1.0
1.0
0.97
0.98
1.0
1.0
1.0
1.0
1.0
1.0
1.0
0.99
1.0
0.97
1.0
0.99
1.0
0.99
0.96
1.0
1.0
1.0
0.99
1.0
1.0
0.99
1.0
1.0
0.99
0.97
0.98
1.0
1.0
1.0
1.0
1.0
0.99
1.0
1.0
1.0
1.0
1.0
0.99
1.0
1.0
1.0
1.0
1.0
1.0
0.98
0.97
1.0
1.0
1.0
1.0
0.99
1.0
0.99
1.0
0.97
1.0
0.98
0.99
1.0
1.0
1.0
0.99
0.99
1.0
0.99
1.0
1.0
1.0
1.0
1.0
0.99
1.0
0.99
0.98
0.99
1.0
0.99
0.99
1.0
0.99
1.0
1.0
1.0
1.0
1.0
1.0
0.99
1.0
0.98
1.0
1.0
1.0
1.0
0.99
0.99
1.0
1.0
1.0
0.99
1.0
1.0
1.0
1.0
1.0
1.0
1.0
1.0
1.0
0.98
0.96
1.0
0.99
0.98
1.0
1.0
0.99
0.99
1.0
1.0
0.99
1.0
0.98
0.99
1.0
1.0
1.0
1.0
1.0
0.99
1.0
1.0
1.0
1.0
1.0
1.0
1.0
1.0
1.0
1.0
1.0
0.96
1.0
1.0
1.0
0.98
1.0
1.0
1.0
1.0
1.0
1.0
1.0
0.99
0.97
1.0
1.0
1.0
1.0
1.0
1.0
1.0
0.99
0.99
1.0
1.0
0.99
0.99
1.0
1.0
1.0
1.0
1.0
1.0
1.0
1.0
1.0
1.0
1.0
0.99
0.99
1.0
1.0
0.99
1.0
1.0
1.0
1.0
1.0
1.0
0.98
1.0
1.0
0.98
0.99
0.98
1.0
1.0
1.0
1.0
1.0
1.0
1.0
1.0
0.98
1.0
0.99
1.0
1.0
1.0
0.98
1.0
1.0
1.0
1.0
0.99
1.0
0.99
0.98
1.0
1.0
1.0
1.0
1.0
1.0
1.0
1.0
1.0
1.0
1.0
1.0
1.0
0.99
1.0
0.99
1.0
1.0
1.0
1.0
1.0
1.0
1.0
0.98
1.0
1.0
1.0
1.0
0.99
1.0
0.99
1.0
1.0
1.0
1.0
0.99
1.0
0.99
1.0
1.0
1.0
1.0
0.99
1.0
1.0
0.99
1.0
1.0
0.99
0.99
0.98
1.0
1.0
1.0
1.0
0.99
1.0
1.0
1.0
1.0
1.0
0.99
1.0
1.0
1.0
1.0
1.0
1.0
1.0
0.97
1.0
1.0
1.0
1.0
1.0
1.0
1.0
1.0
1.0
1.0
1.0
1.0
1.0
0.99
0.99
1.0
1.0
0.99
1.0
1.0
0.99
1.0
1.0
0.99
1.0
0.99
0.98
1.0
1.0
1.0
1.0
1.0
1.0
0.99
1.0
0.99
1.0
0.99
0.99
1.0
0.99
1.0
1.0
1.0
0.99
0.97
1.0
1.0
1.0
1.0
1.0
0.99
1.0
1.0
1.0
0.99
1.0
1.0
0.99
1.0
1.0
0.98
0.99
1.0
1.0
1.0
0.98
1.0
0.99
1.0
1.0
0.99
1.0
1.0
1.0
1.0
1.0
1.0
0.99
1.0
1.0
1.0
1.0
1.0
0.99
1.0
1.0
0.99
0.99
1.0
1.0
1.0
0.99
1.0
1.0
0.99
0.98
1.0
0.99
1.0
0.97
0.99
0.99
1.0
0.99
0.99
1.0
1.0
1.0
0.97
0.99
1.0
1.0
1.0
1.0
1.0
1.0
1.0
1.0
1.0
1.0
1.0
0.99
1.0
1.0
0.99
1.0
1.0
1.0
0.98
1.0
1.0
1.0
1.0
1.0
1.0
1.0
1.0
0.99
0.99
1.0
1.0
0.98
0.99
1.0
0.97
0.99
1.0
1.0
1.0
0.98
0.99
1.0
1.0
1.0
1.0
1.0
0.98
1.0
0.99
0.98
0.99
1.0
1.0
0.98
1.0
0.99
0.99
1.0
1.0
0.98
0.98
0.98
0.96
0.99
0.98
0.96
1.0
1.0
0.99
0.96
0.99
1.0
0.96
0.99
1.0
0.99
0.99
0.99
0.93
0.93
0.98
0.94
1.0
0.98
1.0
0.99
0.99
1.0
1.0
0.95
1.0
0.99
0.92
0.94

7.54
8.01063829787234
7.43298969072165
6.275510204081633
6.936842105263158
6.2
6.948979591836735
7.07
7.202020202020202
6.06
6.04
6.8
7.237113402061856
7.457446808510638
7.767676767676767
7.1313131313131315
8.01010101010101
8.63265306122449
8.051020408163266
8.785714285714286
8.927835051546392
8.11111111111111
7.878787878787879
6.84
7.24
8.454545454545455
8.854166666666666
8.39795918367347
7.828282828282828
8.02
8.141414141414142
7.376344086021505
7.928571428571429
7.721649484536083
7.040404040404041
6.393939393939394
6.71
6.89
7.545454545454546
7.63
7.44
6.81
6.16
6.12
6.22
6.51
7.01
6.62
7.838383838383838
8.1010101010101
7.525252525252525
8.191919191919192
8.295918367346939
7.29
7.31
7.63
7.45
8.33
8.26
7.35
8.030303030303031
8.36
7.48
8.115789473684211
7.01
7.0
6.29
6.77
7.08
6.8
7.878787878787879
7.56
6.91
6.242424242424242
5.28
5.21
5.27
5.23
6.5
7.2727272727272725
8.26530612244898
8.24742268041237
7.27
7.43
8.05
8.080808080808081
7.71
8.515463917525773
8.785714285714286
8.43
7.51
7.959595959595959
8.353535353535353
8.19
7.99
7.96969696969697
7.67
6.959183673469388
5.68
6.85
7.28
7.34
7.8
7.09
6.08080808080808
5.66
4.737373737373737
3.86
4.87
5.53
6.53
7.333333333333333
8.164948453608247
8.224489795918368
7.19
6.93
7.989795918367347
8.642857142857142
8.515151515151516
9.285714285714286
9.13265306122449
8.23
8.1
8.777777777777779
8.24
7.91
7.44
8.222222222222221
7.938775510204081
7.46
6.92
7.34
7.06
7.12
7.93
7.561224489795919
6.89
6.13
5.52
5.22
5.41
5.6
6.38
6.64
7.27
8.030927835051546
7.98
7.34
7.55
8.505050505050505
8.36
8.94
8.89
9.010204081632653
8.49
9.22
8.84
8.23
8.36734693877551
7.836734693877551
7.38
7.46
7.571428571428571
7.747474747474747
7.05
7.59
8.12
7.61
7.16
6.777777777777778
6.42
6.333333333333333
6.11
6.75
7.2727272727272725
7.02020202020202
7.26
7.88
8.19
8.313131313131313
8.818181818181818
8.606060606060606
8.2
8.48
7.82
8.724489795918368
8.555555555555555
8.71
8.13
8.43
8.96
8.717171717171718
7.6
7.787878787878788
8.1
8.393939393939394
8.195876288659793
8.19
7.595959595959596
6.59
6.35
6.63
6.46
6.72
6.66
7.3979591836734695
7.343434343434343
7.03
6.12
7.09
7.6
7.73
8.89
9.04040404040404
8.24
8.626262626262626
7.94
8.29
7.673469387755102
8.06
7.826530612244898
7.33
8.2
7.947916666666667
7.393939393939394
7.28
8.27
8.76530612244898
8.27
8.05
7.27
6.181818181818182
5.77
6.52
7.21
7.68
7.6
8.21
7.57
7.07
6.62
6.64
7.42
7.42
8.606060606060606
9.515151515151516
9.224489795918368
8.64
8.404040404040405
7.565656565656566
6.39
6.9393939393939394
6.71
7.313131313131313
7.938144329896907
7.84
7.97979797979798
8.252525252525253
8.6
9.15625
8.479591836734693
7.979381443298969
7.121212121212121
6.303030303030303
4.93
6.414141414141414
7.24
7.77
8.343434343434344
8.777777777777779
7.83
7.525252525252525
7.39
7.525252525252525
7.202020202020202
7.57
8.34
9.27
9.142857142857142
8.16161616161616
8.04
7.46
6.83
6.717171717171717
5.757575757575758
6.93
7.585858585858586
7.34
8.141414141414142
8.57
9.171717171717171
8.755102040816327
7.91
7.37
6.97
6.818181818181818
6.43
6.95
7.48
8.02
8.343434343434344
8.686868686868687
7.84
7.808080808080808
7.67
7.89
7.474747474747475
8.25
8.51
8.808080808080808
8.54
7.9393939393939394
7.62
7.69
7.75
7.371134020618556
6.64
7.474747474747475
8.05
7.99
7.84
7.34
8.39
8.62
8.181818181818182
7.12
5.96
7.0
7.44
7.6
7.86
8.02
8.48
8.35
7.48
7.55
8.01
8.326530612244898
8.02
8.63
8.424242424242424
8.09
7.75
7.09
7.7
7.9
8.29
7.97
7.525773195876289
7.94949494949495
7.959183673469388
7.61
8.737373737373737
8.252525252525253
8.58
8.8989898989899
8.0
8.05
7.363636363636363
7.7
8.22
8.393939393939394
7.86
8.2
7.69
7.591836734693878
6.97979797979798
6.82
7.33
7.67
8.4
8.11
7.717171717171717
7.3
6.808080808080808
6.43
7.54
8.222222222222221
8.212121212121213
7.68
7.181818181818182
7.673469387755102
7.24
6.53
8.75257731958763
8.24
7.92
8.363636363636363
8.41
8.74
8.404040404040405
7.86
8.404040404040405
8.797979797979798
8.275510204081632
8.03061224489796
7.51
6.69
6.010204081632653
5.71
6.202020202020202
6.82
7.53
7.71
6.72
6.86734693877551
6.35
7.07
7.83
8.151515151515152
7.59
7.05
6.98
7.58
7.49
7.15
8.0
8.030927835051546
7.93
7.5
8.412371134020619
9.01010101010101
8.777777777777779
8.346938775510203
7.82
8.5
8.24
7.31
6.66
5.81
5.02
4.35
5.01010101010101
5.836734693877551
6.65
7.222222222222222
6.26
6.2
5.979166666666667
6.787878787878788
7.663265306122449
8.13
8.36734693877551
8.181818181818182
8.01
8.33673469387755
8.091836734693878
7.363636363636363
6.96
7.5
7.707070707070707
7.13
7.78
8.45
8.26
8.51
8.16
8.79
8.39
7.181818181818182
6.0
4.66
3.54
2.8
3.642857142857143
4.75
5.78
6.86
6.24
6.05
4.8061224489795915
6.15
7.36734693877551
8.16161616161616
8.2
8.16
8.0
8.68
8.979591836734693
8.895833333333334
7.724489795918367
7.6938775510204085
7.98989898989899
8.09
8.51
8.19
8.404040404040405
8.74
8.89
9.020408163265307
8.17
6.95
5.73
4.48
2.8
1.0
2.8383838383838382
4.49
5.577319587628866
6.89
7.010309278350515
6.46
5.67
6.43
7.46
8.216494845360824
8.04
8.42
8.73469387755102
8.12
8.68
9.322916666666666
7.91919191919192
7.377551020408164
7.686868686868687
7.94949494949495
8.47
8.030303030303031
7.52
8.58
8.26
8.6875
8.33
7.43
6.282828282828283
4.88
3.74
2.87
3.670103092783505
4.857142857142857
5.77
6.98
7.45
7.19
6.58
7.09
7.64
8.11111111111111
8.19
8.896907216494846
8.81
8.262626262626263
8.58
8.97979797979798
8.21875
8.1
7.7
7.46
7.9393939393939394
7.21
6.81
7.97979797979798
8.15
8.63
8.494949494949495
7.793814432989691
6.918367346938775
5.69
4.97
4.51
4.95
5.78
6.191919191919192
7.41
8.13
7.64
7.54
7.45
8.04040404040404
8.04
7.69
8.64
8.15
8.67
8.71
9.275510204081632
7.979381443298969
8.46
8.27
8.48
8.3
7.828282828282828
7.49
7.818181818181818
7.32
8.206185567010309
8.03
8.142857142857142
7.383838383838384
6.35
6.02
5.73
6.08080808080808
6.686868686868687
6.9
7.808080808080808
8.72
8.59
8.07
7.94
7.59
7.91919191919192
7.86
8.717171717171718
8.826530612244898
8.848484848484848
8.33
8.464646464646465
8.212121212121213
8.91
8.909090909090908
8.63
8.47
7.73
7.85
7.88
6.87
7.545454545454546
7.38
7.877551020408164
7.45
7.28
6.59
6.92
7.070707070707071
7.05050505050505
7.69
8.51
8.77
8.535353535353535
8.03
7.73
7.24
7.05
7.97
8.52
8.21
8.62
8.39
8.938775510204081
8.885416666666666
8.74
8.767676767676768
8.63265306122449
7.96
7.53
7.808080808080808
8.080808080808081
7.62
7.34
7.696969696969697
8.27
7.989795918367347
7.96969696969697
7.19
7.45
6.88
6.15
6.98
8.141414141414142
8.45
7.61
7.19
7.54
7.42
7.76
7.42
8.0
7.24
8.21
8.21
8.604166666666666
8.4
8.6
7.89
8.642857142857142
8.4
8.47
8.46
7.83
7.71
7.25
6.88
7.777777777777778
8.587628865979381
8.23
8.27
7.7
6.92
6.26
6.95
7.87
8.313131313131313
7.94949494949495
7.04
6.77
7.090909090909091
7.656565656565657
7.31
7.84
8.12
7.65
7.76
7.29
7.47
8.14
8.25
8.83
8.55
8.909090909090908
8.707070707070708
7.96
7.21
6.707070707070707
7.36
8.6
9.29
9.04
8.32
7.41
6.23469387755102
5.34
6.63
7.591836734693878
7.94949494949495
7.551020408163265
6.53
5.91
6.38
7.09
7.79
8.04
8.56
8.31
8.010204081632653
7.17
7.444444444444445
7.78
7.27
8.42
8.96938775510204
8.61
8.25
7.7
7.08
7.202020202020202
8.14
8.95959595959596
9.591836734693878
9.18
8.15
7.0
5.85
6.03
6.94
7.2
7.55
6.79
5.66
4.52
5.2
6.26
7.1313131313131315
7.34
7.686868686868687
8.15
7.78
8.18
6.51
7.01
7.65
8.17
9.091836734693878
8.76
8.0
6.97
5.81
6.848484848484849
7.85
8.767676767676768
9.36
8.9
8.41
7.25
6.878787878787879
6.62
7.434343434343434
7.17
7.31
6.54
6.11
5.767676767676767
5.99
6.07
6.565656565656566
6.36
6.83
7.333333333333333
7.818181818181818
8.326530612244898
6.51
6.98
7.5
8.08
8.83838383838384
8.21
7.64
6.74
6.33
6.9
7.96969696969697
8.63
8.78
9.0
8.32
7.48
7.62
7.33
7.22680412371134
6.66
6.57
5.97
6.19
6.0
6.04
5.34
5.98
5.24
5.96
6.11
6.89
7.45
6.262626262626263
6.91919191919192
6.5
7.68
8.484848484848484
8.15
8.01
7.606060606060606
7.66
7.7
7.767676767676767
7.82
8.616161616161616
9.244897959183673
8.65
8.11
8.21
7.99
6.97
6.53
5.838383838383838
4.73
5.666666666666667
6.52
6.383838383838384
6.404040404040404
6.6
5.98989898989899
5.99
6.33
6.33
7.373737373737374
7.195876288659794
7.54
7.39
7.47
7.99
8.23
7.595959595959596
8.23
8.51
8.62
8.656565656565656
7.94
8.22
8.555555555555555
7.5
7.89
8.53061224489796
8.393939393939394
7.28
7.12
6.6
5.908163265306122
5.97
6.959595959595959
7.43
7.18
7.5353535353535355
7.19
6.95
7.11
6.75
7.21
7.05
7.818181818181818
7.3
6.75
8.0
8.12
8.15
8.575757575757576
8.31
8.17
8.626262626262626
8.363636363636363
8.4
8.17
7.58
7.707070707070707
8.24
8.47
8.282828282828282
7.785714285714286
6.79
6.737373737373737
6.53
7.515463917525773
8.181818181818182
8.151515151515152
8.28
7.7272727272727275
7.404040404040404
7.15
7.18
7.69
7.762886597938144
8.181818181818182
8.0
7.43
8.5
8.3
8.44
8.36
7.39
7.13
7.79
7.3
7.77
7.96969696969697
7.36
7.81
8.444444444444445
7.88
8.45
8.19
7.979591836734694
7.39
6.42
7.63
8.26
8.08
8.28
7.86
7.33
7.616161616161616
8.181818181818182
8.32
7.78
8.581632653061224
8.858585858585858
8.66
8.948453608247423
8.05050505050505
7.72
7.64
6.66
7.173469387755102
8.06060606060606
8.02
8.12
7.74
8.04
8.43
9.326530612244898
8.75
9.505050505050505
9.173469387755102
8.373737373737374
7.79
7.1
8.275510204081632
8.85
8.93939393939394
9.04040404040404
8.76
7.89
8.5
9.020408163265307
9.255102040816327
7.989583333333333
8.353535353535353
9.428571428571429
9.5
8.77
8.29
7.848484848484849
8.166666666666666
7.656565656565657
8.03
8.270833333333334
8.383838383838384
7.9
8.090909090909092
7.696969696969697
9.080808080808081
9.946236559139784
9.838709677419354
9.83673469387755
9.404255319148936
8.09
8.040816326530612
7.45
8.616161616161616
8.717171717171718
8.77
8.88
8.821052631578947
7.89
8.414141414141413
9.141304347826088
8.936170212765957
