0.05
0.12
0.15
0.18
0.18
0.16
0.23
0.2
0.2
0.23
0.22
0.23
0.22
0.14
0.18
0.21
0.25
0.2
0.2
0.22
0.27
0.32
0.28
0.27
0.25
0.21
0.25
0.19
0.19
0.15
0.18
0.17
0.06
0.1
0.13
0.16
0.15
0.19
0.21
0.25
0.27
0.29
0.29
0.27
0.28
0.25
0.27
0.29
0.32
0.28
0.29
0.33
0.33
0.36
0.32
0.29
0.26
0.27
0.23
0.25
0.24
0.2
0.21
0.18
0.08
0.1
0.15
0.17
0.2
0.25
0.28
0.3
0.3
0.31
0.28
0.3
0.34
0.31
0.3
0.27
0.29
0.3
0.31
0.3
0.32
0.34
0.33
0.31
0.33
0.28
0.28
0.28
0.28
0.27
0.22
0.19
0.11
0.12
0.2
0.26
0.23
0.24
0.27
0.32
0.28
0.32
0.3
0.32
0.33
0.33
0.34
0.31
0.35
0.33
0.31
0.33
0.37
0.36
0.31
0.38
0.34
0.32
0.26
0.27
0.27
0.27
0.26
0.18
0.11
0.21
0.23
0.24
0.25
0.28
0.26
0.36
0.35
0.37
0.38
0.36
0.34
0.34
0.37
0.35
0.36
0.36
0.41
0.38
0.4
0.38
0.34
0.39
0.34
0.29
0.32
0.27
0.26
0.24
0.24
0.2
0.15
0.2
0.26
0.26
0.25
0.3
0.34
0.37
0.35
0.37
0.36
0.38
0.37
0.35
0.43
0.38
0.38
0.42
0.48
0.41
0.34
0.38
0.37
0.39
0.34
0.35
0.33
0.28
0.27
0.28
0.25
0.22
0.18
0.23
0.28
0.29
0.33
0.34
0.36
0.38
0.41
0.39
0.37
0.39
0.39
0.35
0.42
0.4
0.46
0.46
0.44
0.43
0.43
0.38
0.42
0.41
0.33
0.35
0.32
0.29
0.31
0.27
0.28
0.21
0.21
0.24
0.28
0.27
0.34
0.36
0.4
0.34
0.38
0.41
0.38
0.41
0.41
0.38
0.37
0.46
0.5
0.47
0.42
0.39
0.37
0.39
0.44
0.45
0.41
0.39
0.3
0.33
0.33
0.33
0.27
0.23
0.25
0.3
0.3
0.32
0.34
0.36
0.39
0.4
0.36
0.41
0.41
0.47
0.43
0.48
0.44
0.45
0.51
0.51
0.4
0.37
0.37
0.42
0.43
0.44
0.44
0.43
0.4
0.33
0.36
0.32
0.27
0.26
0.21
0.28
0.29
0.31
0.34
0.35
0.41
0.4
0.37
0.41
0.45
0.49
0.47
0.49
0.46
0.52
0.54
0.52
0.46
0.47
0.42
0.42
0.44
0.44
0.39
0.41
0.38
0.41
0.39
0.32
0.28
0.25
0.22
0.26
0.28
0.36
0.39
0.36
0.39
0.39
0.38
0.4
0.4
0.45
0.51
0.52
0.51
0.53
0.59
0.47
0.49
0.52
0.49
0.47
0.48
0.49
0.42
0.43
0.43
0.42
0.36
0.31
0.26
0.23
0.16
0.2
0.26
0.32
0.38
0.4
0.39
0.41
0.38
0.41
0.41
0.47
0.54
0.5
0.47
0.55
0.57
0.53
0.55
0.52
0.52
0.49
0.45
0.46
0.49
0.44
0.45
0.39
0.37
0.32
0.28
0.22
0.2
0.27
0.3
0.34
0.39
0.41
0.41
0.41
0.43
0.45
0.49
0.55
0.51
0.52
0.49
0.57
0.56
0.55
0.58
0.52
0.5
0.51
0.48
0.49
0.44
0.42
0.46
0.43
0.37
0.3
0.27
0.21
0.21
0.28
0.3
0.29
0.34
0.41
0.41
0.4
0.47
0.44
0.46
0.53
0.51
0.53
0.51
0.61
0.6
0.6
0.58
0.55
0.54
0.52
0.48
0.51
0.44
0.44
0.5
0.43
0.38
0.35
0.31
0.22
0.23
0.25
0.31
0.35
0.36
0.43
0.41
0.43
0.45
0.47
0.52
0.54
0.56
0.55
0.63
0.72
0.69
0.58
0.6
0.6
0.54
0.54
0.52
0.46
0.43
0.43
0.46
0.43
0.41
0.4
0.31
0.26
0.23
0.3
0.37
0.33
0.36
0.4
0.44
0.45
0.46
0.5
0.48
0.53
0.56
0.64
0.72
1.0
0.77
0.61
0.59
0.57
0.55
0.55
0.49
0.48
0.46
0.43
0.42
0.39
0.39
0.38
0.35
0.32
0.18
0.27
0.33
0.33
0.33
0.35
0.39
0.43
0.47
0.5
0.51
0.56
0.57
0.65
0.66
0.68
0.67
0.56
0.56
0.53
0.55
0.5
0.49
0.47
0.48
0.43
0.45
0.44
0.38
0.34
0.29
0.29
0.23
0.32
0.32
0.32
0.34
0.36
0.4
0.43
0.44
0.48
0.5
0.55
0.55
0.6
0.6
0.62
0.62
0.57
0.55
0.52
0.5
0.51
0.5
0.46
0.42
0.45
0.49
0.47
0.42
0.31
0.31
0.29
0.21
0.34
0.35
0.37
0.36
0.41
0.42
0.47
0.47
0.44
0.48
0.53
0.51
0.51
0.56
0.55
0.55
0.52
0.51
0.53
0.5
0.5
0.51
0.42
0.43
0.41
0.43
0.46
0.39
0.33
0.29
0.25
0.22
0.28
0.29
0.4
0.34
0.42
0.44
0.45
0.47
0.45
0.47
0.49
0.49
0.49
0.49
0.5
0.54
0.49
0.5
0.55
0.51
0.49
0.46
0.45
0.43
0.39
0.4
0.39
0.35
0.33
0.31
0.25
0.21
0.27
0.26
0.4
0.37
0.4
0.42
0.44
0.45
0.48
0.46
0.44
0.45
0.49
0.48
0.51
0.51
0.52
0.53
0.47
0.45
0.46
0.48
0.45
0.44
0.38
0.37
0.37
0.41
0.34
0.32
0.2
0.22
0.27
0.3
0.37
0.39
0.37
0.42
0.4
0.43
0.49
0.45
0.46
0.5
0.52
0.59
0.54
0.51
0.51
0.53
0.48
0.45
0.4
0.44
0.37
0.4
0.31
0.35
0.31
0.33
0.33
0.24
0.19
0.2
0.25
0.26
0.34
0.39
0.37
0.41
0.43
0.4
0.46
0.45
0.51
0.53
0.5
0.55
0.56
0.51
0.54
0.51
0.5
0.46
0.42
0.42
0.37
0.37
0.34
0.33
0.32
0.34
0.31
0.27
0.21
0.19
0.24
0.28
0.32
0.42
0.34
0.36
0.43
0.4
0.43
0.45
0.46
0.51
0.53
0.52
0.5
0.47
0.49
0.53
0.46
0.46
0.44
0.45
0.4
0.39
0.3
0.27
0.32
0.3
0.33
0.25
0.24
0.21
0.22
0.3
0.31
0.38
0.33
0.39
0.44
0.41
0.45
0.49
0.52
0.51
0.54
0.54
0.5
0.5
0.52
0.46
0.46
0.43
0.41
0.42
0.39
0.37
0.32
0.32
0.33
0.28
0.32
0.26
0.24
0.28
0.28
0.32
0.34
0.33
0.34
0.41
0.4
0.38
0.46
0.48
0.48
0.53
0.48
0.51
0.47
0.5
0.45
0.38
0.43
0.38
0.37
0.43
0.41
0.34
0.3
0.27
0.3
0.31
0.31
0.28
0.23
0.25
0.29
0.33
0.33
0.28
0.3
0.37
0.39
0.39
0.46
0.47
0.41
0.44
0.47
0.49
0.47
0.45
0.43
0.39
0.4
0.4
0.42
0.37
0.34
0.33
0.28
0.28
0.29
0.31
0.3
0.26
0.23
0.22
0.27
0.29
0.32
0.29
0.31
0.37
0.39
0.43
0.44
0.4
0.4
0.43
0.39
0.45
0.45
0.42
0.41
0.41
0.4
0.37
0.36
0.36
0.32
0.31
0.3
0.3
0.25
0.26
0.28
0.22
0.17
0.17
0.23
0.26
0.3
0.31
0.3
0.32
0.35
0.39
0.35
0.37
0.35
0.35
0.39
0.44
0.42
0.37
0.38
0.35
0.36
0.32
0.31
0.35
0.34
0.3
0.3
0.27
0.25
0.18
0.21
0.17
0.14
0.19
0.22
0.25
0.25
0.27
0.28
0.34
0.33
0.33
0.35
0.36
0.37
0.34
0.32
0.34
0.37
0.37
0.31
0.28
0.3
0.28
0.31
0.33
0.3
0.28
0.25
0.23
0.2
0.23
0.21
0.18
0.14
0.15
0.22
0.21
0.24
0.25
0.24
0.29
0.29
0.28
0.32
0.36
0.33
0.32
0.31
0.31
0.31
0.33
0.28
0.22
0.26
0.24
0.32
0.31
0.26
0.24
0.19
0.22
0.19
0.17
0.16
0.14
0.08
0.17
0.17
0.15
0.19
0.17
0.24
0.25
0.21
0.25
0.29
0.21
0.25
0.24
0.31
0.31
0.31
0.27
0.27
0.25
0.18
0.22
0.22
0.24
0.22
0.16
0.12
0.17
0.18
0.15
0.13
0.09
0.07

36.2
40.833333333333336
39.4
41.111111111111114
39.77777777777778
34.25
35.26086956521739
33.7
35.0
37.04347826086956
35.18181818181818
32.95652173913044
36.0
31.714285714285715
38.0
39.42857142857143
38.6
33.5
32.5
36.18181818181818
37.074074074074076
36.25
35.285714285714285
37.407407407407405
39.88
41.142857142857146
42.68
41.36842105263158
41.31578947368421
43.46666666666667
44.22222222222222
43.05882352941177
47.666666666666664
41.4
40.46153846153846
43.625
39.06666666666667
33.63157894736842
34.476190476190474
33.0
36.074074074074076
36.10344827586207
34.62068965517241
33.51851851851852
36.357142857142854
36.92
37.18518518518518
36.724137931034484
36.0625
35.42857142857143
36.41379310344828
38.03030303030303
37.878787878787875
35.94444444444444
37.375
37.41379310344828
39.61538461538461
38.55555555555556
40.0
40.68
40.666666666666664
40.5
42.19047619047619
42.22222222222222
45.0
43.6
41.13333333333333
43.411764705882355
38.1
35.36
33.92857142857143
31.533333333333335
34.2
32.96774193548387
33.5
32.333333333333336
35.8235294117647
36.0
35.4
33.55555555555556
32.51724137931034
31.8
34.29032258064516
35.46666666666667
35.9375
36.64705882352941
35.0
39.03225806451613
38.45454545454545
38.214285714285715
39.92857142857143
39.0
38.92857142857143
39.925925925925924
41.27272727272727
40.21052631578947
42.36363636363637
40.833333333333336
38.8
39.30769230769231
36.43478260869565
34.5
33.03703703703704
32.875
30.214285714285715
33.75
33.46666666666667
32.3125
32.90909090909091
34.63636363636363
33.88235294117647
33.064516129032256
31.085714285714285
33.78787878787879
30.193548387096776
35.78787878787879
34.108108108108105
34.888888888888886
34.774193548387096
37.68421052631579
37.76470588235294
38.3125
36.69230769230769
36.03703703703704
38.370370370370374
39.96296296296296
39.0
40.55555555555556
37.54545454545455
37.714285714285715
37.17391304347826
39.083333333333336
36.28
34.0
33.53846153846154
32.5
31.514285714285716
32.810810810810814
33.31578947368421
33.0
32.64705882352941
30.705882352941178
30.405405405405407
30.857142857142858
30.555555555555557
31.944444444444443
32.21951219512195
34.36842105263158
33.75
36.05263157894737
34.588235294117645
35.02564102564103
35.11764705882353
36.275862068965516
35.875
35.111111111111114
36.46153846153846
37.916666666666664
38.666666666666664
41.2
38.13333333333333
35.9
35.84615384615385
37.15384615384615
36.64
34.2
31.41176470588235
31.594594594594593
31.771428571428572
31.43243243243243
30.944444444444443
30.105263157894736
31.2972972972973
29.571428571428573
28.41860465116279
29.05263157894737
28.68421052631579
30.238095238095237
30.958333333333332
32.65853658536585
33.0
33.526315789473685
32.7027027027027
32.38461538461539
33.64705882352941
34.885714285714286
35.09090909090909
35.0
34.2962962962963
37.142857142857146
37.12
39.09090909090909
35.888888888888886
35.91304347826087
35.5
34.41379310344828
34.515151515151516
32.94117647058823
30.833333333333332
31.473684210526315
30.75609756097561
27.692307692307693
26.18918918918919
27.743589743589745
27.71794871794872
23.885714285714286
26.333333333333332
28.65
27.695652173913043
28.217391304347824
30.454545454545453
33.627906976744185
32.53488372093023
33.578947368421055
31.952380952380953
31.170731707317074
31.606060606060606
32.628571428571426
35.0
36.206896551724135
36.483870967741936
37.25925925925926
38.5
41.04761904761905
33.80952380952381
33.333333333333336
35.5
34.55555555555556
33.23529411764706
28.88888888888889
30.4
27.0
25.63157894736842
23.634146341463413
23.0
25.48780487804878
26.24390243902439
23.842105263157894
23.027027027027028
24.91304347826087
25.32
25.04255319148936
25.857142857142858
26.128205128205128
28.64864864864865
29.923076923076923
30.5
30.022222222222222
30.829268292682926
31.46153846153846
34.13333333333333
36.333333333333336
36.18181818181818
37.0
37.77777777777778
39.52173913043478
35.4
32.733333333333334
34.333333333333336
34.375
32.294117647058826
31.88888888888889
29.871794871794872
25.4
23.88888888888889
24.48780487804878
22.853658536585368
24.51063829787234
21.88372093023256
23.333333333333332
23.59090909090909
23.377777777777776
22.058823529411764
22.627450980392158
24.3
24.81081081081081
26.83783783783784
28.571428571428573
28.488372093023255
30.045454545454547
30.272727272727273
29.906976744186046
31.8
33.696969696969695
34.833333333333336
36.125
36.7037037037037
37.92307692307692
33.80952380952381
33.07142857142857
30.620689655172413
32.225806451612904
29.0
29.285714285714285
30.29268292682927
25.1
22.756756756756758
24.21951219512195
23.91111111111111
22.551020408163264
19.914893617021278
19.20408163265306
18.73913043478261
20.76923076923077
20.74074074074074
21.807692307692307
21.82608695652174
22.78723404255319
25.714285714285715
25.952380952380953
27.90909090909091
28.272727272727273
31.025641025641026
30.51219512195122
31.789473684210527
33.0
34.1025641025641
35.0
37.0
37.96
34.90909090909091
33.15384615384615
32.714285714285715
30.555555555555557
29.0
29.833333333333332
31.153846153846153
26.205128205128204
24.210526315789473
22.9
20.75
19.466666666666665
19.54901960784314
18.76923076923077
18.80392156862745
17.962264150943398
19.16949152542373
18.97872340425532
21.122448979591837
22.53846153846154
22.142857142857142
23.06382978723404
25.875
26.612244897959183
28.047619047619047
30.46511627906977
31.41860465116279
32.42857142857143
32.5
31.741935483870968
37.15384615384615
37.130434782608695
35.0
33.5
33.69230769230769
31.0
29.57894736842105
28.6
27.17948717948718
25.634146341463413
22.42105263157895
20.073170731707318
18.4390243902439
15.638297872340425
17.62962962962963
15.44
13.702127659574469
14.745454545454546
14.456140350877194
16.660377358490567
16.87272727272727
18.192307692307693
17.923076923076923
20.6734693877551
25.022222222222222
24.82608695652174
26.816326530612244
28.0
30.755555555555556
31.0
32.108108108108105
34.75
37.214285714285715
38.0
33.3
32.370370370370374
31.6
29.764705882352942
29.666666666666668
28.24390243902439
25.926829268292682
25.024390243902438
21.6046511627907
18.57777777777778
17.408163265306122
15.054545454545455
14.019607843137255
12.26923076923077
11.326530612244898
12.280701754385966
11.392857142857142
13.563636363636364
16.275862068965516
17.307692307692307
18.04
22.980392156862745
23.208333333333332
23.632653061224488
26.5
29.61904761904762
31.565217391304348
31.813953488372093
33.86486486486486
34.666666666666664
36.03703703703704
37.523809523809526
32.666666666666664
33.142857142857146
31.866666666666667
27.896551724137932
29.58823529411765
27.878048780487806
24.4390243902439
22.4
21.48936170212766
18.363636363636363
18.304347826086957
13.377358490566039
10.117647058823529
7.264150943396227
7.568627450980392
8.934426229508198
9.266666666666667
12.166666666666666
14.758620689655173
15.363636363636363
19.25925925925926
22.192307692307693
23.0
24.41176470588235
24.772727272727273
29.181818181818183
30.52
32.25581395348837
32.473684210526315
34.02857142857143
35.74193548387097
37.36363636363637
33.43478260869565
34.24
31.838709677419356
29.37142857142857
27.555555555555557
26.651162790697676
24.609756097560975
23.069767441860463
23.266666666666666
19.70212765957447
17.23076923076923
14.222222222222221
11.428571428571429
6.545454545454546
4.111111111111111
4.277777777777778
6.27536231884058
11.448275862068966
13.666666666666666
15.466666666666667
18.444444444444443
21.074074074074073
23.884615384615383
25.217391304347824
24.348837209302324
28.232558139534884
30.608695652173914
31.53488372093023
32.46341463414634
34.35
36.096774193548384
36.69230769230769
33.73913043478261
33.13333333333333
31.783783783783782
30.575757575757574
28.22222222222222
26.0
23.727272727272727
23.044444444444444
21.565217391304348
19.36
17.041666666666668
15.716981132075471
10.178571428571429
5.90625
3.111111111111111
1.0
5.220779220779221
9.032786885245901
11.152542372881356
15.596491228070175
18.727272727272727
21.036363636363635
23.6734693877551
24.875
25.652173913043477
27.186046511627907
30.142857142857142
31.41025641025641
33.02564102564103
34.578947368421055
34.857142857142854
36.125
37.55555555555556
32.2962962962963
31.12121212121212
29.09090909090909
27.606060606060606
26.857142857142858
24.743589743589745
23.25581395348837
21.76595744680851
20.64
16.607843137254903
14.714285714285714
11.982456140350877
7.3538461538461535
5.909090909090909
4.823529411764706
6.253731343283582
10.107142857142858
11.607142857142858
17.056603773584907
19.4
21.88
23.979591836734695
25.02127659574468
24.875
28.186046511627907
30.733333333333334
32.59090909090909
33.0
35.76470588235294
33.758620689655174
34.827586206896555
34.608695652173914
33.25
32.75
31.3125
29.41176470588235
28.055555555555557
26.4
25.976744186046513
24.318181818181817
22.333333333333332
17.36
14.236363636363636
12.836363636363636
10.3
8.166666666666666
7.193548387096774
8.161290322580646
13.491228070175438
14.763636363636364
17.26923076923077
18.72
20.529411764705884
24.84
26.52173913043478
25.285714285714285
26.822222222222223
30.571428571428573
32.40425531914894
33.285714285714285
33.0
33.354838709677416
35.48275862068966
36.142857142857146
33.11764705882353
33.8
32.486486486486484
29.666666666666668
29.365853658536587
29.0
27.617021276595743
25.595744680851062
23.363636363636363
19.458333333333332
17.0188679245283
12.647058823529411
12.07843137254902
10.857142857142858
11.49090909090909
11.763636363636364
15.192307692307692
16.92156862745098
18.037735849056602
18.76
21.12
26.333333333333332
27.61904761904762
25.790697674418606
26.24390243902439
29.511627906976745
31.304347826086957
32.333333333333336
33.57575757575758
33.275862068965516
36.08
36.36363636363637
33.857142857142854
32.3448275862069
32.25
30.647058823529413
31.571428571428573
30.09090909090909
29.133333333333333
25.617021276595743
22.733333333333334
19.4468085106383
17.775510204081634
15.46938775510204
14.918367346938776
14.53061224489796
15.24
16.59259259259259
17.816326530612244
17.28
20.927272727272726
20.274509803921568
23.571428571428573
29.217391304347824
29.8
28.74418604651163
28.641025641025642
29.8
31.358974358974358
33.48571428571429
35.303030303030305
37.41935483870968
39.08
34.80952380952381
34.148148148148145
32.30769230769231
34.05
31.91891891891892
32.55
31.952380952380953
28.90909090909091
27.444444444444443
24.958333333333332
22.73913043478261
20.636363636363637
18.6
17.591836734693878
18.541666666666668
16.980392156862745
18.137254901960784
20.346153846153847
22.471698113207548
21.872340425531913
22.866666666666667
25.304347826086957
28.833333333333332
28.977777777777778
29.818181818181817
28.68421052631579
29.972972972972972
31.89189189189189
34.170731707317074
36.11764705882353
37.0
39.6
36.0
34.18518518518518
35.46666666666667
35.86486486486486
32.61538461538461
31.10810810810811
31.238095238095237
30.05
29.53488372093023
26.020408163265305
23.955555555555556
23.043478260869566
22.84
21.692307692307693
21.016949152542374
20.51851851851852
20.431372549019606
21.235294117647058
22.867924528301888
22.958333333333332
23.2
24.55
28.59090909090909
31.10810810810811
31.25
29.258064516129032
31.428571428571427
33.58064516129032
36.96969696969697
37.36363636363637
39.75
39.421052631578945
39.2
36.8
37.84615384615385
35.529411764705884
33.87179487179487
34.32432432432432
33.09756097560975
28.41860465116279
27.35
25.91304347826087
24.333333333333332
25.88235294117647
23.528301886792452
24.08
22.927272727272726
22.607142857142858
21.392156862745097
23.0
25.50980392156863
27.44
26.08695652173913
28.0
31.047619047619047
32.0
32.24324324324324
33.705882352941174
33.121212121212125
35.375
39.23529411764706
39.61290322580645
42.03703703703704
42.57142857142857
42.10526315789474
39.75
39.5
38.0625
36.61904761904762
34.88235294117647
32.388888888888886
30.627906976744185
26.95
25.88372093023256
25.866666666666667
25.043478260869566
24.50980392156863
24.358490566037737
24.23076923076923
23.64
23.829787234042552
24.142857142857142
26.18867924528302
27.565217391304348
28.91304347826087
30.227272727272727
32.0
32.4
33.02564102564103
31.533333333333335
33.25925925925926
34.5
37.2
39.78787878787879
41.12
42.083333333333336
42.04761904761905
42.63636363636363
41.8
40.064516129032256
38.421052631578945
35.57575757575758
32.64102564102564
30.363636363636363
29.0
28.177777777777777
26.591836734693878
27.192307692307693
26.568627450980394
25.925925925925927
25.74074074074074
24.24
25.96
26.0
27.695652173913043
30.73913043478261
31.6046511627907
34.48780487804878
35.285714285714285
35.8974358974359
35.75675675675676
36.3125
37.625
38.06060606060606
38.42857142857143
40.4375
42.30769230769231
43.083333333333336
42.785714285714285
43.0
41.25
40.35294117647059
38.18181818181818
36.76470588235294
32.292682926829265
31.9
28.736842105263158
30.08695652173913
30.041666666666668
30.166666666666668
29.245283018867923
28.416666666666668
28.274509803921568
27.46808510638298
27.92
29.044444444444444
31.157894736842106
30.3953488372093
31.0
34.945945945945944
35.86046511627907
35.68292682926829
36.294117647058826
39.2
40.96296296296296
38.46666666666667
38.32258064516129
41.32258064516129
42.214285714285715
41.34782608695652
46.04
44.62068965517241
42.333333333333336
40.54545454545455
39.07142857142857
36.46666666666667
35.432432432432435
33.94871794871795
31.205128205128204
31.217391304347824
30.617021276595743
29.5609756097561
29.954545454545453
29.872340425531913
30.877551020408163
30.425531914893618
29.31111111111111
30.186046511627907
32.64102564102564
33.05
34.5
35.857142857142854
36.83783783783784
35.529411764705884
38.15151515151515
39.857142857142854
39.785714285714285
39.44827586206897
40.41935483870968
43.333333333333336
43.30769230769231
42.0
46.36363636363637
44.629629629629626
43.37931034482759
41.75
39.241379310344826
36.29032258064516
35.13513513513514
34.43589743589744
33.627906976744185
33.81818181818182
33.6
32.4
32.604651162790695
33.256410256410255
32.355555555555554
32.77777777777778
31.285714285714285
32.65853658536585
34.390243902439025
35.0
36.37837837837838
37.72222222222222
37.333333333333336
36.1875
38.516129032258064
39.13333333333333
41.2
41.32
42.69230769230769
42.42857142857143
44.45454545454545
44.88235294117647
46.411764705882355
46.08695652173913
42.69230769230769
41.46666666666667
39.25806451612903
35.333333333333336
36.1875
35.82857142857143
35.1025641025641
35.2
33.5945945945946
31.65714285714286
32.142857142857146
34.30769230769231
33.86363636363637
35.04761904761905
35.21621621621622
35.73684210526316
36.42857142857143
38.05555555555556
37.875
37.225806451612904
37.68571428571428
38.35294117647059
39.93333333333333
40.13333333333333
41.2962962962963
42.48
42.44444444444444
45.23809523809524
46.1764705882353
45.714285714285715
46.421052631578945
45.72727272727273
42.88
42.28
40.592592592592595
37.42857142857143
37.94117647058823
38.333333333333336
37.81818181818182
37.74285714285714
36.72222222222222
35.972972972972975
34.588235294117645
35.4375
36.0
35.648648648648646
36.054054054054056
36.67741935483871
39.07142857142857
39.8
37.857142857142854
39.516129032258064
39.57575757575758
38.93333333333333
40.214285714285715
41.24
42.43478260869565
43.6
44.52173913043478
46.61904761904762
46.666666666666664
45.0
47.53333333333333
44.09090909090909
42.714285714285715
40.333333333333336
40.2
40.916666666666664
37.96551724137931
38.758620689655174
40.42857142857143
39.5625
36.72222222222222
38.121212121212125
37.6875
36.38709677419355
35.83870967741935
36.96774193548387
37.0
38.857142857142854
37.63636363636363
39.0
38.333333333333336
40.75
41.064516129032256
40.84615384615385
38.416666666666664
40.10526315789474
41.27272727272727
42.73684210526316
43.35294117647059
46.125
46.42857142857143
48.75
47.294117647058826
45.0
44.8
42.578947368421055
42.11764705882353
39.833333333333336
39.6
41.285714285714285
40.56
39.41379310344828
36.95238095238095
39.24
39.333333333333336
39.58064516129032
37.61290322580645
38.483870967741936
39.03703703703704
38.407407407407405
38.48
39.888888888888886
39.36363636363637
38.63636363636363
41.333333333333336
40.90909090909091
38.625
37.5
42.11764705882353
44.55555555555556
44.53333333333333
47.15384615384615
50.22222222222222
51.285714285714285
