1.0
0.97
0.96
1.0
0.99
1.0
0.99
1.0
0.94
1.0
0.99
0.97
0.96
0.93
0.92
0.98
0.98
0.98
1.0
0.98
0.98
0.99
0.96
1.0
0.99
0.98
0.96
0.98
0.99
1.0
0.98
0.97
0.97
0.99
1.0
1.0
1.0
1.0
0.99
1.0
1.0
1.0
1.0
1.0
1.0
0.98
1.0
1.0
0.99
1.0
1.0
1.0
0.99
0.99
0.99
1.0
1.0
1.0
0.99
1.0
1.0
1.0
1.0
0.97
1.0
1.0
1.0
0.99
1.0
1.0
1.0
0.99
1.0
1.0
1.0
1.0
1.0
1.0
1.0
0.99
0.99
1.0
1.0
1.0
1.0
1.0
1.0
0.98
1.0
0.99
0.99
1.0
1.0
1.0
1.0
0.99
0.99
1.0
1.0
1.0
1.0
0.99
1.0
1.0
1.0
1.0
0.99
1.0
0.98
0.99
0.99
0.99
0.98
0.98
1.0
1.0
0.98
1.0
0.99
0.99
0.98
1.0
1.0
0.99
1.0
1.0
1.0
0.99
0.97
1.0
0.98
0.99
1.0
1.0
1.0
0.99
1.0
1.0
1.0
1.0
0.99
1.0
1.0
1.0
1.0
0.99
0.99
1.0
1.0
1.0
1.0
1.0
1.0
1.0
0.99
0.99
0.99
1.0
0.99
1.0
1.0
1.0
1.0
0.98
1.0
0.97
0.99
0.98
0.99
0.99
0.99
0.99
1.0
1.0
1.0
1.0
0.98
1.0
0.97
0.97
0.99
1.0
1.0
1.0
1.0
0.98
1.0
0.99
1.0
0.99
1.0
0.99
0.99
0.98
1.0
0.98
0.97
0.97
0.98
1.0
0.99
0.99
1.0
1.0
1.0
1.0
1.0
1.0
1.0
1.0
1.0
1.0
1.0
1.0
1.0
1.0
1.0
0.98
0.98
0.99
0.98
1.0
0.98
0.97
1.0
1.0
0.99
1.0
1.0
1.0
1.0
1.0
1.0
1.0
1.0
0.99
1.0
1.0
1.0
1.0
1.0
1.0
1.0
1.0
1.0
0.98
1.0
1.0
1.0
0.96
1.0
1.0
1.0
1.0
0.99
0.99
0.98
0.99
1.0
0.99
1.0
0.98
0.98
1.0
1.0
0.99
1.0
1.0
1.0
1.0
1.0
1.0
1.0
1.0
1.0
1.0
1.0
0.97
1.0
1.0
0.98
1.0
1.0
1.0
1.0
1.0
1.0
1.0
0.99
1.0
0.98
1.0
1.0
1.0
0.99
1.0
0.98
1.0
1.0
0.99
1.0
0.99
0.99
1.0
1.0
1.0
1.0
0.99
1.0
0.99
0.99
0.99
1.0
0.99
1.0
1.0
1.0
0.98
1.0
1.0
0.98
1.0
1.0
1.0
0.98
1.0
1.0
1.0
1.0
1.0
1.0
1.0
1.0
1.0
1.0
1.0
0.99
0.98
1.0
1.0
1.0
1.0
0.98
1.0
1.0
0.99
1.0
1.0
0.99
0.98
0.99
1.0
0.96
1.0
1.0
0.99
1.0
0.98
1.0
1.0
1.0
0.98
1.0
1.0
1.0
0.98
1.0
1.0
1.0
1.0
1.0
1.0
1.0
1.0
1.0
1.0
1.0
1.0
0.98
0.99
1.0
1.0
1.0
1.0
0.97
1.0
1.0
0.98
1.0
0.99
0.98
1.0
1.0
0.97
0.96
1.0
0.97
1.0
1.0
1.0
1.0
1.0
1.0
0.99
1.0
1.0
0.99
1.0
1.0
1.0
1.0
1.0
1.0
1.0
0.99
0.98
0.98
0.98
1.0
0.98
0.99
0.99
0.98
0.99
1.0
0.99
1.0
1.0
0.99
1.0
1.0
0.99
1.0
1.0
0.99
0.98
1.0
0.99
0.99
1.0
1.0
0.99
0.98
0.99
1.0
0.98
0.97
0.99
0.99
0.99
1.0
1.0
1.0
0.99
1.0
1.0
1.0
0.99
0.98
0.98
1.0
1.0
1.0
1.0
0.98
1.0
1.0
0.99
1.0
0.97
1.0
1.0
0.99
1.0
0.99
1.0
1.0
0.97
0.97
0.98
0.94
0.99
0.99
1.0
0.99
1.0
1.0
0.99
0.99
1.0
1.0
1.0
1.0
0.99
1.0
0.99
1.0
1.0
1.0
1.0
0.99
0.99
1.0
1.0
1.0
1.0
1.0
1.0
1.0
1.0
1.0
0.96
0.99
0.98
0.98
0.99
0.99
0.99
1.0
1.0
0.99
0.98
0.98
1.0
1.0
1.0
1.0
1.0
1.0
1.0
1.0
0.97
1.0
0.99
1.0
1.0
1.0
0.99
1.0
1.0
0.98
0.99
1.0
0.98
0.97
1.0
1.0
1.0
1.0
1.0
1.0
1.0
1.0
0.99
0.97
0.98
1.0
1.0
1.0
0.99
1.0
1.0
1.0
0.99
1.0
1.0
1.0
1.0
0.98
1.0
1.0
1.0
1.0
0.97
0.99
0.96
0.99
0.98
0.99
0.99
1.0
0.96
0.99
1.0
1.0
0.96
0.99
0.99
0.99
1.0
0.99
0.98
1.0
1.0
1.0
1.0
0.99
1.0
1.0
1.0
1.0
1.0
1.0
0.99
0.99
1.0
0.98
0.99
0.96
0.97
0.96
1.0
0.99
1.0
1.0
1.0
1.0
0.98
1.0
1.0
1.0
1.0
1.0
1.0
1.0
1.0
0.99
1.0
1.0
0.99
1.0
1.0
1.0
1.0
1.0
1.0
1.0
1.0
1.0
0.99
0.97
1.0
0.97
0.98
1.0
0.99
1.0
1.0
0.99
1.0
0.99
1.0
1.0
0.97
1.0
1.0
0.99
1.0
1.0
1.0
1.0
1.0
0.99
1.0
0.99
0.99
0.99
1.0
1.0
1.0
1.0
1.0
0.98
1.0
1.0
0.98
1.0
1.0
0.99
1.0
1.0
0.99
1.0
0.99
0.99
1.0
1.0
0.99
1.0
1.0
1.0
1.0
1.0
0.99
1.0
1.0
1.0
0.99
1.0
1.0
0.99
1.0
1.0
1.0
1.0
1.0
0.98
1.0
1.0
0.98
1.0
1.0
1.0
0.99
1.0
0.99
1.0
1.0
0.97
0.98
1.0
1.0
1.0
0.98
0.99
0.98
0.99
1.0
1.0
1.0
0.98
1.0
0.96
1.0
1.0
0.99
0.99
0.99
1.0
1.0
0.99
1.0
1.0
1.0
1.0
1.0
0.99
0.98
0.99
1.0
1.0
1.0
1.0
1.0
1.0
0.99
0.99
0.97
1.0
1.0
0.98
1.0
0.99
1.0
1.0
1.0
1.0
0.99
1.0
1.0
0.99
1.0
1.0
0.99
1.0
1.0
1.0
1.0
1.0
1.0
0.98
0.99
1.0
1.0
1.0
1.0
0.99
1.0
1.0
1.0
1.0
1.0
1.0
0.99
1.0
0.99
1.0
0.98
0.96
0.97
1.0
1.0
1.0
1.0
1.0
1.0
0.99
1.0
1.0
1.0
0.98
0.99
1.0
0.99
1.0
1.0
1.0
0.99
1.0
0.99
0.99
1.0
1.0
1.0
1.0
1.0
1.0
1.0
1.0
1.0
0.99
0.99
1.0
0.99
1.0
0.99
0.99
0.99
0.99
1.0
1.0
1.0
1.0
1.0
1.0
0.98
0.98
0.99
0.99
1.0
1.0
0.98
1.0
1.0
1.0
1.0
1.0
1.0
1.0
1.0
1.0
1.0
1.0
1.0
0.99
1.0
1.0
1.0
1.0
1.0
1.0
1.0
1.0
0.99
0.99
1.0
1.0
1.0
1.0
0.99
0.98
1.0
1.0
1.0
0.99
0.99
1.0
1.0
1.0
1.0
1.0
1.0
1.0
1.0
1.0
0.99
0.99
1.0
1.0
1.0
1.0
1.0
1.0
1.0
0.99
0.99
1.0
1.0
1.0
0.99
1.0
1.0
1.0
1.0
1.0
1.0
1.0
0.99
1.0
0.99
0.99
1.0
1.0
1.0
0.98
0.99
1.0
0.99
0.99
1.0
1.0
1.0
0.98
1.0
1.0
1.0
1.0
0.99
1.0
1.0
0.99
0.99
1.0
1.0
1.0
1.0
1.0
1.0
1.0
0.98
1.0
0.98
1.0
1.0
1.0
1.0
1.0
0.99
1.0
0.99
1.0
1.0
1.0
0.99
0.99
0.99
1.0
1.0
1.0
0.99
1.0
1.0
0.99
1.0
1.0
0.99
0.98
1.0
0.99
0.97
1.0
1.0
1.0
0.97
1.0
0.98
1.0
1.0
1.0
0.99
1.0
0.98
1.0
0.99
0.97
0.95
1.0
1.0
0.99
0.99
0.99
0.99
0.99
0.99
0.99
1.0
1.0
0.94
0.93
0.98
1.0
0.95
1.0
1.0
1.0
0.95
0.99
1.0
1.0
0.98
1.0
1.0
0.99
0.96

6.98
7.216494845360825
6.53125
5.38
6.121212121212121
5.92
6.08080808080808
6.01
6.202127659574468
4.88
5.03030303030303
6.278350515463917
7.135416666666667
7.387096774193548
7.445652173913044
6.469387755102041
7.3061224489795915
7.438775510204081
6.73
7.612244897959184
7.816326530612245
7.03030303030303
6.65625
5.65
6.292929292929293
7.581632653061225
7.979166666666667
7.316326530612245
6.555555555555555
7.16
7.255102040816326
6.525773195876289
7.11340206185567
7.070707070707071
6.38
5.77
5.98
6.25
6.909090909090909
6.76
6.72
5.85
5.69
6.09
6.41
6.357142857142857
6.82
6.47
7.222222222222222
7.11
6.34
7.11
7.1313131313131315
6.232323232323233
6.05050505050505
6.67
6.53
7.77
7.636363636363637
6.53
7.13
7.42
6.7
7.061855670103093
5.93
6.44
6.06
6.303030303030303
6.34
5.56
6.98
7.2727272727272725
6.74
6.03
5.26
5.32
5.4
5.0
6.23
6.91919191919192
7.444444444444445
7.21
5.98
6.46
6.98
7.14
6.7
7.448979591836735
7.79
8.06060606060606
7.363636363636363
7.22
7.47
7.25
7.31
7.090909090909091
7.0
6.49
5.15
6.25
6.59
6.383838383838384
7.08
6.73
5.89
5.58
4.797979797979798
4.22
5.316326530612245
5.282828282828283
6.040404040404041
6.545454545454546
7.3061224489795915
7.183673469387755
6.31
6.31
7.051020408163265
7.68
7.292929292929293
8.252525252525253
8.285714285714286
7.41
7.54
8.080808080808081
7.58
7.35
6.98
7.515151515151516
7.484536082474227
7.07
6.561224489795919
6.707070707070707
6.18
5.84
7.0
7.121212121212121
6.42
5.74
5.6
5.43
5.515151515151516
4.75
5.27
5.69
6.35
7.141414141414141
7.0
6.45
6.85
7.45
7.24
7.91
8.03
7.99
7.606060606060606
8.242424242424242
8.1010101010101
7.48
7.797979797979798
7.33
6.76
6.94
7.26
7.030612244897959
5.98
6.608247422680412
7.141414141414141
6.530612244897959
6.262626262626263
6.212121212121212
6.08080808080808
6.171717171717172
5.92
5.98
6.14
5.85
6.142857142857143
6.89
7.175257731958763
7.329896907216495
7.646464646464646
7.5
6.84
7.35
6.9
7.755102040816326
7.72
7.797979797979798
7.3
7.575757575757576
7.99
7.787878787878788
6.848484848484849
7.071428571428571
7.42
7.704081632653061
7.195876288659794
7.103092783505154
6.5
5.4
5.191919191919192
5.656565656565657
5.71
6.32
6.22
6.71
6.42
5.95
4.91
5.89
6.37
6.72
7.87
8.06
7.49
7.95
7.21
7.357142857142857
6.959183673469388
7.151515151515151
6.6938775510204085
6.49
7.23469387755102
6.742268041237113
6.65
6.36
7.484848484848484
7.92
7.38
6.96
6.2
4.96
4.7
5.43
6.33
6.828282828282828
6.88
7.04
6.22
5.82
5.54
5.49
6.33
6.55
7.87
8.693877551020408
8.47
7.84
7.45
6.572916666666667
5.39
6.18
5.77
6.37
6.757575757575758
6.393939393939394
6.816326530612245
7.333333333333333
7.72
8.171717171717171
7.36
6.653061224489796
5.73469387755102
4.93
3.9
5.171717171717172
6.08
6.73
7.49
7.76
6.72
6.49
6.36
6.26
5.91
6.5
7.41
8.536082474226804
8.63
7.69
7.520408163265306
6.52
5.68
5.66
4.9
5.94
6.39
6.2
6.787878787878788
7.51
8.091836734693878
7.7
6.69
6.07
5.666666666666667
5.53
5.418367346938775
5.84
6.6
7.232323232323233
7.58
7.767676767676767
6.666666666666667
6.62
6.59
6.78
6.4
7.191919191919192
7.73
8.16161616161616
8.292929292929292
7.717171717171717
7.41
7.02020202020202
6.75
6.58
5.87
6.663265306122449
6.86
6.81
7.0
6.46
7.39
7.46
6.938775510204081
5.8
4.58
5.81
6.52
6.64
7.11
7.03
7.51
7.31
6.35
6.24
6.8686868686868685
7.224489795918367
6.78
7.62
7.45
7.27
7.183673469387755
6.4
7.4
7.424242424242424
7.27
7.07
6.808080808080808
7.122448979591836
6.858585858585859
6.64
7.729166666666667
7.37
7.52
7.767676767676767
7.0
6.683673469387755
5.9
6.5
7.2
7.653061224489796
7.35
7.4
6.67
6.520408163265306
5.67
5.45
6.01
6.43
7.1
7.43
6.89
6.62
6.37
6.37
7.11
7.63
7.163265306122449
6.616161616161616
6.22
6.85
6.28
5.54
7.525773195876289
7.06
6.65
7.183673469387755
7.3
7.585858585858586
7.13265306122449
6.69
7.42
7.865979381443299
7.71875
7.04
6.309278350515464
5.35
4.66
4.17
4.75
5.35
6.24
6.474747474747475
5.51
5.79
5.262626262626263
6.07
6.84
7.16
6.53
6.07
6.32
7.08
6.737373737373737
6.163265306122449
6.530612244897959
6.86734693877551
6.74
6.438775510204081
7.474747474747475
8.04040404040404
7.428571428571429
7.303030303030303
6.84
7.383838383838384
7.18
6.15
5.4646464646464645
4.45
3.43
2.878787878787879
3.62
4.62
5.333333333333333
5.887755102040816
5.1
4.848484848484849
4.636363636363637
5.49
6.39
6.777777777777778
7.153061224489796
7.121212121212121
7.31
7.846938775510204
7.515463917525773
6.565656565656566
5.0606060606060606
6.282828282828283
6.51
6.05
7.0
7.737373737373737
7.21
7.49
7.52
7.707070707070707
6.989795918367347
5.704081632653061
4.64
3.31
2.21
1.0
2.5408163265306123
3.48
4.39
5.393939393939394
5.1
4.587628865979381
3.35
4.78
6.181818181818182
7.01
7.181818181818182
7.32
6.81
7.835051546391752
8.144329896907216
8.091836734693878
6.6063829787234045
6.646464646464646
7.05050505050505
6.92
7.555555555555555
7.48
7.4
7.9393939393939394
8.080808080808081
7.92
6.82
5.71
4.26
2.707070707070707
1.0
2.0
1.0
2.76
4.25
5.4
5.888888888888889
5.474747474747475
4.55
5.49
6.34
7.11
6.94
7.43
7.74
7.23
7.85
8.458333333333334
6.8686868686868685
6.571428571428571
6.755102040816326
6.98989898989899
7.515151515151516
7.0606060606060606
6.73
7.65
7.404040404040404
7.928571428571429
7.183673469387755
6.36
4.99
3.36
2.13
1.0
2.29
3.5
4.57
5.752577319587629
6.5
6.343434343434343
5.61
5.95
6.68
7.2727272727272725
7.24
8.06
8.16326530612245
7.545454545454546
7.59
8.03061224489796
7.536082474226804
7.42
6.98
6.38
6.99
6.03
5.69
7.17
7.55
8.04040404040404
7.43298969072165
6.6938775510204085
5.59
4.5
3.62
2.98989898989899
3.77
4.45
5.01
6.2727272727272725
7.1
6.6
6.59
6.37
7.1020408163265305
6.98
6.8
7.74
7.7
8.02061855670103
7.666666666666667
8.083333333333334
7.171717171717172
7.76530612244898
7.353535353535354
7.232323232323233
7.33
6.979166666666667
6.818181818181818
7.31
6.98
7.427083333333333
7.111111111111111
7.08080808080808
6.313131313131313
5.33
4.797979797979798
4.6938775510204085
4.82
5.32
5.93
6.96
7.8686868686868685
7.67
7.32
7.0
6.73
6.92
7.08
7.959595959595959
8.06060606060606
8.14
7.428571428571429
7.333333333333333
7.1875
7.969072164948454
7.833333333333333
7.43
7.626262626262626
7.16
7.43
7.36
6.4
6.795918367346939
6.22
6.87
6.5
6.24
5.4
5.8
5.83
6.05
6.666666666666667
7.62
8.0
7.91919191919192
7.38
6.78
6.28
6.1
6.99
7.67
7.39
7.74
7.74
7.91919191919192
7.783505154639175
7.64
7.680412371134021
7.744897959183674
7.26
7.222222222222222
7.46
7.47
7.05050505050505
6.67
6.444444444444445
7.12
6.9
6.917525773195877
6.13
6.37
5.848484848484849
5.2
6.02
7.19
7.73
6.85
6.595959595959596
6.72
6.707070707070707
6.666666666666667
6.414141414141414
7.03
6.27
7.18
7.22
7.24
7.3061224489795915
7.34
6.83
7.744897959183674
7.75
7.96
7.777777777777778
6.83
6.7
6.282828282828283
5.97
6.767676767676767
7.606060606060606
7.22
6.97
6.565656565656566
5.7
5.2
5.99
6.85
7.34
6.818181818181818
6.12
5.69
6.01
6.434343434343434
6.21
6.84
7.070707070707071
6.82
6.61
5.76
6.56
7.23
6.989795918367347
7.72
7.92
8.448979591836734
7.97
6.95
5.97
5.171717171717172
6.14
7.3232323232323235
8.19
8.0
7.412371134020619
6.612244897959184
5.41
4.2
5.49
6.36734693877551
6.696969696969697
6.285714285714286
5.494949494949495
4.67
5.19
5.89
6.561224489795919
7.01
7.489583333333333
7.28
6.85
5.808080808080808
6.303030303030303
6.646464646464646
6.14
7.42
8.262626262626263
7.97
7.47
6.68
5.95
6.03
6.848484848484849
7.826530612244898
8.464646464646465
8.26
7.2
6.29
4.89
5.32
6.08
6.0606060606060606
6.161616161616162
5.515463917525773
4.58
3.14
3.5918367346938775
4.88
5.888888888888889
6.0
6.75
7.21
6.67
6.9393939393939394
5.02
5.95
6.575757575757576
7.13
8.26
8.16161616161616
7.43
6.3
4.91
5.77
6.79
7.76
8.326530612244898
8.11111111111111
7.51
6.39
5.96
5.75
6.404040404040404
5.95
5.89
5.19
4.99
4.38
4.51
4.787878787878788
5.47
5.161616161616162
5.8
6.316326530612245
6.854166666666667
7.103092783505154
5.25
6.0
6.54
7.18
8.11
7.65
6.858585858585859
6.02
5.46
5.67
6.857142857142857
7.767676767676767
7.79
8.030303030303031
7.2
6.44
6.6
6.292929292929293
6.27
5.353535353535354
5.191919191919192
4.39
4.9
4.99
4.89
3.91
4.78
3.97
5.05
5.12
5.747474747474747
6.191919191919192
5.2
5.91919191919192
5.63
6.767676767676767
7.6767676767676765
7.404040404040404
7.141414141414141
6.72
6.9
6.82
6.78
6.74
7.59
8.204081632653061
7.642857142857143
7.343434343434343
7.191919191919192
7.08
6.18
5.744897959183674
4.83
3.7
4.62
5.34
5.19
5.18
5.54
5.31
5.51
5.63
5.13
6.29
6.343434343434343
6.52
6.48
6.61
7.14
7.29
6.46
7.21
7.67
7.757575757575758
7.696969696969697
7.05
7.5
7.43
6.48
7.303030303030303
7.816326530612245
7.63
6.61
6.16
5.575757575757576
5.353535353535354
5.36
6.2
6.45
6.38
6.57
6.2
6.52
6.47
5.53
6.0
6.01010101010101
6.78
6.49
6.21
7.29
7.37
7.18
7.94
7.7272727272727275
7.6767676767676765
7.76
7.5
7.46
6.9393939393939394
6.57
7.05
7.42
7.83
7.71
7.0
5.98
6.02020202020202
5.67
6.606060606060606
7.202020202020202
7.18
7.21
7.07
7.183673469387755
7.01010101010101
6.4
6.737373737373737
6.686868686868687
7.15
7.1
6.78
7.755102040816326
7.48
7.8
7.97
7.15
6.515151515151516
7.08
6.44
6.575757575757576
6.616161616161616
6.1
6.84
7.48
7.19
7.86
7.2
6.92
6.295918367346939
5.57
6.63265306122449
7.29
6.9
7.39
6.83
6.37
7.303030303030303
7.44
7.343434343434343
6.83
7.77
7.94
7.878787878787879
8.151515151515152
7.262626262626263
7.36
7.54
6.73
6.828282828282828
7.39
7.11
6.97979797979798
6.4
6.9
7.515151515151516
8.438775510204081
8.08
8.525252525252526
8.0
7.3
6.72
5.95
7.030927835051546
7.65
7.775510204081633
8.1
7.65
7.01
7.858585858585859
8.33
8.489795918367347
7.26
7.777777777777778
8.711340206185566
8.789473684210526
8.07
7.52
7.05050505050505
7.797979797979798
7.414141414141414
7.363636363636363
7.353535353535354
7.404040404040404
6.686868686868687
7.04
7.43
8.47872340425532
9.32258064516129
9.13265306122449
8.79
8.357894736842105
7.12
6.87
6.37
7.484210526315789
7.787878787878788
7.68
7.85
7.76530612244898
6.87
7.43
8.232323232323232
8.15625
