1.0
1.0
1.0
1.0
1.0
1.0
1.0
1.0
1.0
1.0
1.0
1.0
1.0
1.0
1.0
1.0
1.0
1.0
1.0
1.0
1.0
1.0
1.0
1.0
1.0
1.0
1.0
1.0
1.0
1.0
1.0
1.0
1.0
1.0
1.0
1.0
1.0
1.0
1.0
1.0
1.0
1.0
1.0
1.0
1.0
1.0
1.0
1.0
1.0
1.0
1.0
1.0
1.0
1.0
1.0
1.0
1.0
1.0
1.0
1.0
1.0
1.0
1.0
1.0
1.0
1.0
1.0
1.0
1.0
1.0
1.0
1.0
1.0
1.0
1.0
1.0
1.0
1.0
1.0
1.0
1.0
1.0
1.0
0.99
1.0
1.0
1.0
1.0
1.0
1.0
1.0
1.0
1.0
1.0
1.0
1.0
1.0
1.0
1.0
1.0
1.0
1.0
1.0
1.0
1.0
1.0
1.0
1.0
1.0
1.0
0.99
1.0
1.0
1.0
1.0
1.0
1.0
1.0
1.0
1.0
1.0
1.0
1.0
1.0
1.0
1.0
1.0
1.0
1.0
1.0
1.0
1.0
1.0
1.0
0.99
1.0
1.0
1.0
1.0
1.0
1.0
1.0
1.0
1.0
1.0
1.0
1.0
1.0
1.0
1.0
1.0
1.0
1.0
1.0
1.0
1.0
1.0
1.0
1.0
1.0
1.0
1.0
1.0
1.0
1.0
1.0
1.0
1.0
1.0
1.0
1.0
1.0
1.0
1.0
0.99
1.0
1.0
1.0
1.0
0.99
1.0
1.0
1.0
1.0
1.0
1.0
1.0
1.0
1.0
0.99
1.0
1.0
1.0
1.0
1.0
1.0
1.0
1.0
1.0
1.0
1.0
1.0
1.0
1.0
1.0
1.0
1.0
1.0
1.0
1.0
1.0
1.0
1.0
1.0
1.0
1.0
1.0
1.0
1.0
1.0
1.0
1.0
1.0
1.0
1.0
1.0
1.0
1.0
1.0
1.0
1.0
1.0
1.0
1.0
1.0
1.0
1.0
1.0
1.0
1.0
1.0
1.0
0.99
1.0
1.0
1.0
1.0
0.99
1.0
1.0
1.0
1.0
1.0
1.0
0.99
1.0
1.0
1.0
1.0
1.0
1.0
1.0
1.0
1.0
1.0
0.99
1.0
1.0
1.0
1.0
1.0
1.0
1.0
1.0
1.0
1.0
1.0
0.99
1.0
1.0
1.0
1.0
1.0
0.99
1.0
1.0
1.0
1.0
1.0
1.0
1.0
1.0
1.0
1.0
1.0
1.0
1.0
1.0
1.0
1.0
1.0
1.0
1.0
1.0
1.0
1.0
1.0
1.0
1.0
1.0
1.0
1.0
1.0
1.0
1.0
1.0
1.0
1.0
1.0
1.0
1.0
1.0
1.0
1.0
1.0
1.0
1.0
1.0
1.0
1.0
1.0
1.0
1.0
1.0
1.0
1.0
1.0
0.99
1.0
1.0
1.0
1.0
0.99
1.0
1.0
1.0
1.0
1.0
1.0
1.0
1.0
1.0
0.99
1.0
1.0
0.98
1.0
1.0
1.0
1.0
1.0
1.0
1.0
1.0
1.0
1.0
0.99
1.0
1.0
1.0
1.0
0.99
1.0
1.0
1.0
1.0
1.0
1.0
1.0
1.0
1.0
1.0
0.99
1.0
1.0
1.0
1.0
1.0
1.0
0.99
1.0
0.99
1.0
1.0
0.99
0.98
1.0
1.0
0.99
0.99
1.0
1.0
1.0
1.0
1.0
1.0
1.0
1.0
1.0
1.0
1.0
1.0
1.0
1.0
1.0
1.0
1.0
1.0
1.0
1.0
1.0
1.0
1.0
1.0
1.0
1.0
1.0
1.0
1.0
1.0
1.0
1.0
1.0
1.0
0.99
0.99
1.0
1.0
1.0
1.0
1.0
1.0
1.0
1.0
0.99
1.0
1.0
1.0
1.0
1.0
1.0
1.0
1.0
0.99
1.0
1.0
1.0
1.0
1.0
0.99
1.0
0.98
1.0
1.0
1.0
0.99
1.0
1.0
1.0
0.99
1.0
1.0
0.99
1.0
0.99
1.0
0.99
1.0
0.98
0.99
1.0
0.99
0.99
1.0
1.0
1.0
1.0
1.0
1.0
0.99
1.0
1.0
1.0
1.0
0.99
1.0
1.0
0.99
1.0
1.0
1.0
1.0
1.0
1.0
1.0
1.0
1.0
1.0
0.99
1.0
1.0
1.0
1.0
0.99
1.0
1.0
1.0
0.98
0.98
1.0
1.0
0.99
1.0
0.99
0.99
1.0
1.0
1.0
1.0
1.0
1.0
1.0
0.99
1.0
1.0
1.0
0.98
1.0
1.0
1.0
1.0
1.0
1.0
1.0
1.0
1.0
0.98
1.0
1.0
1.0
1.0
1.0
0.99
1.0
1.0
0.99
1.0
1.0
1.0
1.0
1.0
0.99
1.0
0.99
0.99
1.0
1.0
1.0
1.0
0.99
0.99
0.99
0.99
0.99
1.0
1.0
1.0
0.99
0.99
0.99
1.0
1.0
1.0
1.0
1.0
0.99
1.0
0.99
1.0
0.99
1.0
0.97
1.0
1.0
1.0
1.0
1.0
0.99
1.0
1.0
1.0
1.0
1.0
1.0
1.0
0.99
1.0
0.99
1.0
1.0
1.0
1.0
0.99
0.99
1.0
1.0
1.0
1.0
0.99
1.0
0.99
1.0
1.0
1.0
1.0
1.0
1.0
1.0
0.99
1.0
1.0
1.0
1.0
1.0
1.0
0.99
0.98
1.0
1.0
0.99
1.0
1.0
1.0
1.0
1.0
1.0
1.0
1.0
1.0
1.0
1.0
1.0
0.99
1.0
1.0
0.99
0.99
1.0
0.99
1.0
1.0
0.98
0.98
0.99
1.0
0.99
0.99
1.0
0.98
0.99
1.0
1.0
0.98
0.98
1.0
1.0
1.0
0.98
1.0
1.0
1.0
1.0
0.98
0.98
1.0
1.0
1.0
1.0
1.0
0.99
1.0
1.0
1.0
1.0
1.0
1.0
1.0
0.99
1.0
1.0
1.0
0.99
0.99
1.0
0.99
1.0
1.0
1.0
1.0
1.0
1.0
1.0
0.99
1.0
1.0
1.0
0.98
0.99
1.0
1.0
1.0
0.99
1.0
1.0
0.99
1.0
1.0
1.0
0.98
1.0
0.98
1.0
1.0
0.97
1.0
1.0
1.0
1.0
0.97
1.0
1.0
0.98
0.98
1.0
1.0
1.0
1.0
0.98
0.98
1.0
1.0
1.0
0.99
1.0
0.99
1.0
1.0
0.99
1.0
0.99
1.0
0.98
1.0
0.99
1.0
1.0
1.0
1.0
1.0
0.99
0.99
0.99
0.99
1.0
0.99
0.99
1.0
1.0
0.99
1.0
1.0
1.0
1.0
1.0
0.99
1.0
0.99
1.0
0.99
0.99
0.99
1.0
1.0
0.99
0.99
1.0
1.0
0.98
1.0
0.98
1.0
1.0
1.0
1.0
0.99
0.99
1.0
0.97
1.0
0.99
1.0
0.98
1.0
0.98
1.0
0.99
1.0
0.99
1.0
1.0
0.99
1.0
1.0
1.0
1.0
0.99
1.0
1.0
0.98
0.99
0.99
1.0
0.99
0.98
0.99
0.99
0.98
1.0
1.0
0.99
0.99
1.0
0.99
1.0
0.99
1.0
1.0
1.0
0.97
1.0
0.99
0.98
1.0
0.99
1.0
1.0
0.98
1.0
0.99
1.0
0.97
0.98
1.0
1.0
0.99
0.99
1.0
0.99
0.99
0.99
0.98
1.0
1.0
1.0
1.0
0.99
0.99
1.0
1.0
1.0
0.98
1.0
1.0
1.0
1.0
0.99
0.98
0.99
0.99
1.0
1.0
1.0
1.0
1.0
1.0
1.0
1.0
0.98
1.0
0.98
1.0
0.98
1.0
0.99
1.0
0.98
0.99
0.99
1.0
0.99
0.99
1.0
0.99
1.0
0.99
0.99
0.98
1.0
1.0
0.99
0.99
0.99
1.0
1.0
1.0
1.0
0.98
0.99
0.98
0.99
0.99
1.0
0.98
0.99
1.0
1.0
0.99
0.99
0.99
0.99
0.99
0.99
1.0
0.99
0.99
0.98
0.96
1.0
1.0
0.99
0.99
0.99
0.99
0.99
0.99
0.96
0.99
1.0
1.0
1.0
1.0
0.99
1.0
0.99
1.0
0.98
0.98
0.98
1.0
1.0
1.0
1.0
0.99
1.0
0.99
0.99
0.99
1.0
0.99
0.98
0.99
0.99
0.99
0.99
1.0
0.98
1.0
0.98
1.0
0.99
0.99
1.0
1.0
1.0
0.99
1.0
1.0
1.0
1.0
1.0

2.48
4.0
3.31
4.01
3.04
3.52
3.13
3.55
2.39
3.35
2.29
3.57
3.09
3.29
3.53
3.5
3.15
3.23
3.32
3.19
3.54
3.26
3.61
3.54
3.16
3.53
3.53
4.01
3.44
4.01
4.07
4.0
3.52
3.57
4.01
3.2
3.42
3.39
3.5
3.64
4.05
4.0
3.25
3.55
3.55
3.51
4.11
3.57
3.54
4.06
4.03
3.15
3.46
4.02
3.52
3.6
3.54
4.06
4.01
4.07
3.48
3.71
3.57
4.16
3.53
3.3
4.12
4.04
3.21
4.53
4.23
4.17
3.42
3.26
3.26
4.21
4.08
4.27
4.12
3.35
4.2
3.29
3.62
3.515151515151515
4.05
3.58
3.57
3.57
4.3
3.53
4.15
4.08
3.31
3.38
3.66
3.37
4.04
4.01
4.03
3.41
4.24
2.82
4.23
4.24
4.42
3.64
3.56
3.54
3.53
3.58
4.494949494949495
4.24
3.54
4.06
3.94
3.64
3.23
3.48
3.62
3.67
3.52
3.34
4.15
3.58
3.64
3.29
4.05
4.07
3.66
4.19
4.3
3.73
3.59
4.32
4.303030303030303
4.17
4.09
4.05
4.04
4.08
2.7
3.53
4.07
3.56
4.14
4.28
3.29
4.07
4.09
3.71
4.11
3.57
3.61
4.17
4.19
4.04
4.13
3.29
4.15
4.34
2.76
3.59
3.58
4.22
4.26
4.11
3.58
4.2
3.58
4.17
4.06
2.31
3.58
4.27
4.212121212121212
4.34
3.76
4.1
4.02
4.2727272727272725
4.04
4.22
4.31
4.24
3.66
2.3
4.34
4.36
3.45
3.4646464646464645
4.16
4.17
4.09
2.48
3.54
3.26
4.19
4.16
4.36
4.08
4.06
4.27
4.12
4.13
3.94
4.1
4.04
4.3
3.57
3.33
3.23
2.36
4.11
3.6
3.93
4.6
4.14
3.61
4.8
3.67
4.32
4.72
4.22
3.65
3.67
3.62
4.11
3.51
4.29
4.1
3.51
3.62
3.58
4.33
4.26
4.46
4.12
3.63
4.07
4.33
2.5
4.38
4.747474747474747
4.15
4.05
4.19
3.34
3.585858585858586
4.29
3.82
4.66
4.1
4.16
3.65
4.424242424242424
4.41
4.21
3.48
4.32
4.06
4.18
4.34
4.11
4.33
3.08
3.686868686868687
4.24
4.24
4.27
4.52
4.66
4.12
4.08
4.08
3.56
4.29
4.24
3.6363636363636362
3.62
4.03
4.24
4.08
3.53
4.151515151515151
4.08
4.09
4.11
3.71
3.59
4.67
4.14
3.31
4.24
3.6
4.13
4.12
4.41
4.31
4.43
4.52
3.61
3.53
3.54
4.26
3.36
4.59
3.59
3.61
3.3
4.1
4.47
4.38
4.06
4.13
3.45
4.1
4.32
5.03
4.39
4.39
3.42
4.43
3.65
3.65
4.06
4.49
4.1
4.07
3.54
3.55
4.19
3.59
4.13
4.22
4.28
4.33
4.22
4.171717171717172
4.47
3.76
3.35
5.02
4.747474747474747
4.26
4.09
3.65
4.37
3.63
4.55
4.21
4.21
4.51
3.4444444444444446
4.3
3.66
5.010204081632653
4.45
4.06
5.05
4.47
3.64
4.23
4.3
4.25
4.57
4.22
4.424242424242424
5.11
4.45
4.33
4.01
4.202020202020202
4.36
3.62
4.75
3.6
4.49
3.84
3.76
4.63
4.14
4.13
5.01010101010101
4.12
4.27
3.28
3.82
4.22
4.37
4.4646464646464645
3.47
3.727272727272727
4.52
2.27
4.222222222222222
3.673469387755102
3.39
4.24
3.727272727272727
3.313131313131313
4.13
4.77
3.73
3.49
4.21
3.61
3.61
3.67
3.62
4.48
3.34
3.61
5.02
3.59
4.54
2.63
4.2
4.71
3.29
4.19
4.25
3.74
4.71
4.09
4.15
4.27
4.51
4.36
4.24
4.38
4.38
3.9
3.63
3.91
4.656565656565657
4.313131313131313
4.62
4.28
4.34
4.22
4.2
3.63
4.53
3.27
3.5353535353535355
4.58
4.43
4.17
4.19
4.23
4.42
4.07
4.48
4.4646464646464645
3.55
4.37
3.49
3.81
4.63
3.878787878787879
4.08
4.255102040816326
4.59
4.76
4.15
4.494949494949495
3.35
4.43
3.57
4.545454545454546
4.67
4.14
4.222222222222222
4.28
4.303030303030303
3.6
4.434343434343434
4.14
4.214285714285714
2.676767676767677
4.53
4.181818181818182
3.797979797979798
4.14
5.01
4.19
3.71
4.36
4.4
3.7474747474747474
4.33
4.28
3.67
4.15
4.121212121212121
4.23
4.12
4.373737373737374
4.3
4.65
3.57
3.8
4.47
3.68
3.58
3.57
4.52
3.37
4.363636363636363
4.21
3.89
3.68
4.28
4.444444444444445
4.7
4.41
4.1
4.214285714285714
4.081632653061225
3.62
4.44
4.505050505050505
4.48
4.090909090909091
3.7373737373737375
3.61
4.36
3.73
3.61
4.41
5.03
4.31
3.7474747474747474
4.3
4.39
3.63
4.408163265306122
4.67
4.09
4.04
3.75
4.64
4.28
4.47
4.16
4.59
4.663265306122449
4.66
4.56
4.42
4.2
3.69
3.696969696969697
4.33
4.22
4.191919191919192
3.35
4.11
4.33
4.22
4.28
3.7676767676767677
3.63
4.525252525252525
5.01010101010101
3.75
4.51
5.03
4.66
3.6464646464646466
4.373737373737374
4.404040404040404
4.222222222222222
4.757575757575758
4.16
4.68
4.19
3.6565656565656566
4.393939393939394
4.161616161616162
4.13
3.56
4.22
4.48
4.29
4.606060606060606
3.66
4.252525252525253
5.0
4.151515151515151
4.74
4.329896907216495
4.53
3.79
5.14
3.44
4.42
4.393939393939394
4.21
4.71
4.22
4.12
4.13
4.26
3.55
3.5757575757575757
3.67
4.292929292929293
4.06
4.2
4.38
4.45
3.8484848484848486
4.171717171717172
3.86
5.07
5.03
4.13
5.0606060606060606
5.01
4.404040404040404
3.36
4.19
4.36
4.34
4.51
5.0
3.84
4.5353535353535355
4.17
4.24
4.36
4.24
4.38
4.87
4.616161616161616
4.285714285714286
4.25
4.71
3.5353535353535355
4.11
3.85
3.56
4.15
4.5
3.56
3.59
4.31
4.67
3.77
3.52
4.31
4.353535353535354
3.62
3.88
3.595959595959596
4.242424242424242
4.47
3.5353535353535355
4.33
4.38
4.214285714285714
3.7551020408163267
4.393939393939394
4.34
4.636363636363637
4.292929292929293
3.88
4.489795918367347
4.707070707070707
4.17
3.54
4.071428571428571
4.571428571428571
3.41
4.34
4.69
4.326530612244898
4.43
4.56
5.02
4.25
4.377551020408164
4.1938775510204085
4.41
5.02
4.29
4.38
4.24
4.222222222222222
4.15
4.67
4.27
4.19
4.7
3.78
4.13
3.525252525252525
3.69
4.24
4.45
4.353535353535354
4.555555555555555
4.38
4.414141414141414
4.6
4.23
4.5
4.1
3.75
4.19
4.67
4.484848484848484
4.76
4.47
4.12
4.755102040816326
4.212121212121212
4.32
4.26
4.46
4.757575757575758
3.66
4.19
4.404040404040404
4.72
3.66
4.62
4.663265306122449
3.64
3.8469387755102042
3.58
4.38
4.278350515463917
3.87
4.15
4.11
4.27
3.670103092783505
4.25
4.01
3.7346938775510203
4.489795918367347
3.56
5.15
4.44
3.61
4.724489795918367
4.36734693877551
4.13
4.48
4.56
4.202020202020202
4.23
4.191919191919192
3.82
3.58
4.636363636363637
4.4
4.404040404040404
4.37
4.357142857142857
4.6
4.161616161616162
4.13
4.39
4.59
4.79
4.1
4.717171717171717
5.02020202020202
4.636363636363637
2.6565656565656566
4.7
5.0606060606060606
3.7676767676767677
4.45
4.36
4.505050505050505
4.34
4.51
4.45
4.39
3.66
3.6363636363636362
4.39
3.5555555555555554
4.47
4.606060606060606
4.515151515151516
4.616161616161616
2.79
4.43
3.8585858585858586
5.03030303030303
3.7
3.78
4.489795918367347
4.27
3.663265306122449
4.7
4.53
4.12
3.71
4.343434343434343
4.404040404040404
4.1
3.7010309278350517
4.3
4.08080808080808
5.07
3.7551020408163267
3.77
4.663265306122449
4.47
4.363636363636363
4.17
4.484848484848484
4.15
4.11
4.2727272727272725
4.25
4.24
4.39
4.51
4.1313131313131315
4.78
4.48
4.214285714285714
4.222222222222222
4.353535353535354
3.58
4.7272727272727275
4.3979591836734695
4.686868686868687
4.585858585858586
4.540816326530612
4.4
4.36
4.2727272727272725
4.212121212121212
4.26
5.0606060606060606
4.61
3.696969696969697
4.36
4.19
3.58
3.711340206185567
4.53
3.686868686868687
4.551020408163265
4.16
3.595959595959596
3.66
4.46
4.173469387755102
3.73
4.252525252525253
4.42
4.175257731958763
3.795918367346939
4.27
3.6
4.121212121212121
3.696969696969697
4.19
4.343434343434343
5.070707070707071
4.181818181818182
5.1020408163265305
4.32
3.63
4.5
5.11
4.4646464646464645
4.6767676767676765
4.48
4.44
4.38
4.683673469387755
4.29
4.22
4.25
3.75
4.6767676767676765
4.091836734693878
5.040404040404041
4.141414141414141
3.68
4.46
3.67
3.79
3.83
3.46
4.52
4.42
4.5
3.75
4.3061224489795915
4.36
4.316326530612245
4.37
3.5757575757575757
4.19
4.336734693877551
3.8484848484848486
4.111111111111111
3.57
4.525252525252525
5.08080808080808
4.83
4.252525252525253
5.03
4.2727272727272725
4.545454545454546
4.489795918367347
4.65
4.38
4.191919191919192
4.474747474747475
3.6666666666666665
4.3
4.39
3.91
3.77
4.112244897959184
3.8484848484848486
4.183673469387755
4.383838383838384
4.303030303030303
3.76
4.326530612244898
4.252525252525253
5.18
4.48
4.696969696969697
4.505050505050505
3.808080808080808
5.070707070707071
4.515151515151516
4.484848484848484
4.58
5.1313131313131315
4.767676767676767
4.653061224489796
4.708333333333333
5.02
4.28
4.636363636363637
4.606060606060606
4.747474747474747
4.505050505050505
5.0606060606060606
4.363636363636363
4.0625
4.111111111111111
5.06
3.69
4.48
4.17
4.171717171717172
4.67
4.232323232323233
5.02
4.3061224489795915
4.3979591836734695
4.63265306122449
4.72
3.63
3.61
4.45
4.696969696969697
4.21
3.7777777777777777
4.252525252525253
4.383838383838384
4.12
4.383838383838384
4.673469387755102
4.333333333333333
4.707070707070707
4.171717171717172
4.505050505050505
3.69
3.806122448979592
3.34
5.020408163265306
4.18
3.7373737373737375
3.6464646464646466
4.32
4.71
4.36
4.383838383838384
1.0
1.0
1.0
1.0
4.13
