1.0
1.0
1.0
1.0
1.0
0.94
1.0
0.94
1.0
1.0
1.0
1.0
1.0
1.0
1.0
0.98
1.0
1.0
1.0
1.0
1.0
0.99
1.0
0.99
1.0
0.99
1.0
0.99
1.0
1.0
0.94
0.97
1.0
1.0
1.0
1.0
1.0
0.97
0.96
0.84
1.0
1.0
0.99
1.0
1.0
0.98
0.95
0.88
1.0
1.0
0.99
1.0
1.0
0.99
1.0
0.98
0.99
1.0
1.0
0.96
0.91
1.0
1.0
0.94
1.0
1.0
0.87
1.0
1.0
0.94
0.92
0.96
0.94
1.0
1.0
0.98
0.98
0.96
0.96
0.94
0.98
1.0
0.95
0.86
1.0
0.98
0.97
0.96
0.93
1.0
0.98
0.96
0.99
0.82
0.95
0.95
0.99
1.0
0.99
1.0
0.83
0.97
1.0
0.87
0.98
0.91
1.0
0.98
1.0
0.84
0.85
0.79
1.0
0.97
0.97
0.9
1.0
1.0
1.0
0.93
0.98
0.97
0.98
0.97
0.99
0.99
0.88
0.97
0.88
1.0
0.98
0.86
0.98
0.96
0.7
0.85
0.98
1.0
0.97
1.0
0.97
0.96
1.0
0.92
0.99
0.95
0.98
0.91
0.99
0.9
0.91
0.93
0.91
0.96
0.75
1.0
0.96
0.91
0.97
0.92
0.96
0.93
0.89
0.81
0.98
0.9
0.95
0.84
0.97
0.77
0.92
0.99
0.85
0.89
0.88
0.92
0.9
0.96
0.97
0.81
0.97
0.85
0.81
0.86
0.99
0.99
0.82
0.86
0.93
0.75
0.93
0.9
0.91
0.98
0.85
0.99
0.99
0.95
0.84
0.78
0.95
0.99
0.97
0.88
0.94
0.91
0.87
0.98
0.9
0.92
0.94
0.88
0.9
0.79
0.8
0.74
0.92
0.93
0.87
0.81
0.92
0.89
0.87
0.89
0.92
0.9
0.91
0.81
0.85
0.96
0.87
0.72
0.96
0.81
0.99
0.97
0.96
0.94
0.89
0.91
0.97
0.95
0.66
0.81
0.93
0.93
0.94
0.88
0.89
0.94
0.95
0.88
0.93
0.77
0.77
0.78
0.95
0.98
0.82
0.89
0.94
0.96
0.93
0.91
1.0
0.9
0.81
0.73
0.79
0.85
0.81
0.94
0.93
0.91
0.76
0.92
0.81
0.78
0.92
0.86
0.94
0.9
0.88
0.79
0.93
0.83
0.77
0.81
0.92
0.75
0.88
0.87
0.95
0.95
0.85
0.85
1.0
0.8
0.97
0.85
0.85
0.78
0.81
0.83
0.95
0.91
0.92
0.85
0.73
0.94
0.81
0.93
0.9
0.93
0.96
0.98
0.8
0.83
0.78
0.81
0.92
0.85
0.89
0.84
1.0
0.79
0.86
0.9
0.88
0.98
0.89
0.95
0.93
0.88
0.82
0.88
0.85
0.84
0.94
0.85
0.96
0.91
0.77
0.83
0.83
0.91
0.8
0.88
0.77
0.84
0.79
0.8
0.76
0.82
0.91
0.73
0.79
0.81
0.87
0.78
0.87
0.79
0.82
0.7
0.87
0.82
0.78
0.7
0.75
0.93
0.87
0.76
0.73
0.85
0.79
0.86
0.87
0.83
0.94
0.81
0.89
0.86
0.74
0.78
0.84
0.87
0.86
0.76
0.82
0.71
0.95
0.75
0.91
0.92
0.87
0.71
0.82
0.74
0.84
0.8
0.88
0.74
0.89
0.92
0.91
0.88
0.84
0.73
0.85
0.87
0.83
0.73
0.67
0.82
0.77
0.94
0.8
0.87
0.76
0.73
0.81
0.73
0.86
0.87
0.86
0.94
0.89
0.83
0.85
0.88
0.79
0.76
0.74
0.79
0.73
0.79
0.73
0.83
0.88
0.77
0.96
0.92
0.79
0.85
0.68
0.79
0.67
0.7
0.85
0.81
0.82
0.93
0.94
0.74
0.79
0.8
0.77
0.69
0.84
0.68
0.88
0.75
0.93
0.8
0.76
0.85
0.97
0.82
0.91
0.77
0.8
0.78
0.69
0.84
0.73
0.89
0.77
0.86
0.64
0.85
0.79
0.8
0.65
0.89
0.84
0.88
0.74
0.92
0.87
0.76
0.75
0.91
0.85
0.9
0.76
0.62
0.91
0.64
0.85
0.78
0.82
0.83
0.88
0.8
0.85
0.73
0.94
0.83
0.75
0.76
0.83
0.9
0.82
0.77
0.68
0.79
0.87
0.72
0.8
0.8
0.8
0.82
0.76
0.77
0.83
0.68
0.93
0.85
0.93
0.78
0.87
0.88
0.77
0.72
0.85
0.69
0.74
0.89
0.9
0.82
0.74
0.85
0.81
0.74
0.91
0.83
0.67
0.77
0.92
0.86
0.77
0.84
0.75
0.8
0.74
0.77
0.82
0.89
0.78
0.9
0.85
0.78
0.78
0.74
0.69
0.85
0.77
0.7
0.79
0.73
0.77
0.81
0.76
0.7
0.78
0.73
0.92
0.72
0.63
0.7
0.8
0.79
0.84
0.81
0.7
0.68
0.8
0.77
0.86
0.73
0.69
0.79
0.72
0.67
0.71
0.76
0.89
0.72
0.79
0.68
0.89
0.79
0.88
0.77
0.69
0.75
0.67
0.67
0.9
0.79
0.75
0.74
0.75
0.72
0.6
0.86
0.87
0.74
0.71
0.75
0.7
0.84
0.77
0.75
0.76
0.77
0.75
0.76
0.78
0.83
0.86
0.74
0.79
0.83
0.74
0.78
0.68
0.82
0.87
0.8
0.76
0.76
0.84
0.9
0.82
0.82
0.78
0.81
0.77
0.75
0.75
0.76
0.66
0.92
0.71
0.76
0.77
0.78
0.73
0.64
0.7
0.71
0.75
0.71
0.86
0.77
0.73
0.77
0.76
0.76
0.71
0.74
0.67
0.72
0.69
0.88
0.78
0.85
0.79
0.73
0.73
0.8
0.76
0.75
0.89
0.73
0.74
0.81
0.84
0.68
0.76
0.71
0.85
0.79
0.89
0.8
0.81
0.71
0.83
0.86
0.81
0.83
0.66
0.61
0.76
0.82
0.91
0.75
0.73
0.87
0.84
0.79
0.85
0.65
0.77
0.81
0.68
0.8
0.67
0.82
0.71
0.62
0.79
0.77
0.83
0.77
0.72
0.74
0.74
0.78
0.76
0.83
0.94
0.73
0.7
0.78
0.69
0.84
0.68
0.75
0.78
0.66
0.72
0.88
0.62
0.79
0.67
0.69
0.7
0.73
0.84
0.61
0.7
0.7
0.8
0.66
0.84
0.8
0.7
0.69
0.83
0.62
0.85
0.76
0.83
0.67
0.72
0.72
0.77
0.82
0.63
0.74
0.72
0.81
0.8
0.75
0.89
0.75
0.72
0.79
0.81
0.74
0.84
0.77
0.76
0.71
0.7
0.74
0.79
0.84
0.86
0.83
0.75
0.69
0.76
0.85
0.84
0.73
0.7
0.77
0.72
0.74
0.72
0.68
0.78
0.71
0.76
0.64
0.77
0.83
0.76
0.65
0.67
0.71
0.75
0.76
0.81
0.68
0.67
0.71
0.7
0.61
0.86
0.77
0.84
0.78
0.74
0.71
0.83
0.8
0.82
0.67
0.7
0.8
0.78
0.7
0.78
0.77
0.7
0.75
0.75
0.8
0.67
0.83
0.7
0.7
0.6
0.68
0.65
0.63
0.66
0.72
0.72
0.77
0.77
0.72
0.7
0.79
0.76
0.77
0.7
0.7
0.81
0.7
0.66
0.74
0.82
0.76
0.73
0.7
0.8
0.6
0.76
0.72
0.78
0.7
0.7
0.73
0.83
0.69
0.67
0.74
0.76
0.79
0.74
0.74
0.76
0.82
0.75
0.78
0.71
0.81
0.67
0.74
0.7
0.78
0.82
0.68
0.75
0.73
0.7
0.73
0.74
0.75
0.69
0.64
0.71
0.75
0.71
0.73
0.63
0.78
0.73
0.75
0.75
0.66
0.75
0.71
0.68
0.72
0.75
0.64
0.61
0.72
0.65
0.77
0.77
0.63
0.69
0.69
0.7
0.69
0.7
0.75
0.66
0.72
0.61
0.72
0.77
0.65
0.65
0.78
0.75
0.7
0.67
0.72
0.58
0.72
0.67
0.78
0.79
0.67
0.71
0.66
0.77
0.78
0.8
0.7
0.78
0.66
0.71
0.72
0.67
0.71
0.63
0.73
0.71
0.74
0.71
0.69
0.68
0.59
0.75
0.73
0.7
0.71
0.79
0.78
0.74
0.71
0.63
0.72
0.75
0.78
0.69
0.68
0.68
0.73
0.77
0.78
0.75
0.63
0.66
0.63
0.76
1.0
1.0
1.0
1.0
0.85

3.74
4.57
4.2
4.97
3.85
4.851063829787234
4.16
5.191489361702128
3.54
4.3
3.37
4.62
4.02
4.54
4.74
4.969387755102041
4.08
4.4
4.5
4.49
4.83
4.898989898989899
4.9
4.9393939393939394
4.47
4.888888888888889
4.61
4.97979797979798
4.84
4.9
5.351063829787234
5.381443298969073
4.43
5.09
4.86
4.7
4.77
5.175257731958763
5.135416666666667
5.190476190476191
5.26
4.93
4.98989898989899
5.01
4.93
5.051020408163265
5.389473684210526
5.386363636363637
4.87
5.11
5.0
4.69
5.16
5.101010101010101
4.8
5.061224489795919
5.161616161616162
5.43
5.13
5.166666666666667
5.1098901098901095
5.23
5.16
5.617021276595745
5.07
4.74
5.563218390804598
5.23
4.7
5.680851063829787
5.826086956521739
5.458333333333333
5.329787234042553
4.54
4.95
5.540816326530612
5.642857142857143
5.71875
5.479166666666667
4.851063829787234
5.479591836734694
4.74
5.336842105263158
5.255813953488372
5.3
5.244897959183674
5.298969072164948
5.166666666666667
5.838709677419355
5.04
5.591836734693878
5.71875
5.0
4.658536585365853
5.3052631578947365
5.126315789473685
5.101010101010101
5.11
5.373737373737374
5.23
5.650602409638554
4.391752577319588
5.48
5.758620689655173
5.744897959183674
5.626373626373627
4.94
5.204081632653061
4.58
5.321428571428571
5.811764705882353
5.8734177215189876
5.07
5.412371134020619
5.628865979381444
5.366666666666666
5.01
5.38
5.05
5.333333333333333
5.26530612244898
4.989690721649485
5.540816326530612
5.216494845360825
5.05050505050505
5.01010101010101
5.715909090909091
5.216494845360825
5.090909090909091
5.53
5.622448979591836
4.8604651162790695
5.295918367346939
5.947916666666667
5.7
5.682352941176471
5.377551020408164
5.22
5.484536082474227
5.41
4.525773195876289
5.40625
5.29
5.119565217391305
5.5353535353535355
5.6421052631578945
5.091836734693878
5.417582417582418
5.525252525252525
5.4222222222222225
5.56043956043956
5.236559139784946
5.34065934065934
5.395833333333333
5.586666666666667
5.46
5.40625
4.846153846153846
5.422680412371134
5.608695652173913
4.666666666666667
5.526881720430108
5.258426966292135
5.7407407407407405
5.663265306122449
5.455555555555556
5.0
5.5476190476190474
5.422680412371134
5.909090909090909
5.6521739130434785
4.393939393939394
5.223529411764706
5.730337078651686
5.75
5.934782608695652
5.6
5.53125
5.804123711340206
5.62962962962963
5.185567010309279
5.929411764705883
6.037037037037037
5.77906976744186
5.252525252525253
3.9797979797979797
6.146341463414634
6.0
5.387096774193548
5.12
5.559139784946237
5.633333333333334
5.4945054945054945
4.316326530612245
5.329411764705882
4.737373737373737
5.707070707070707
5.652631578947369
5.988095238095238
5.269230769230769
5.684210526315789
5.686868686868687
5.814432989690721
5.534090909090909
5.553191489361702
5.65934065934066
5.632183908045977
5.755102040816326
5.288888888888889
5.021739130434782
4.98936170212766
4.2727272727272725
5.655555555555556
5.329113924050633
5.8375
5.783783783783784
5.793478260869565
5.344086021505376
6.057471264367816
5.617283950617284
5.663043478260869
6.224719101123595
6.045977011494253
5.370786516853933
5.315217391304348
5.277777777777778
5.681318681318682
5.345679012345679
5.694117647058824
5.677083333333333
5.137931034482759
4.986111111111111
5.354166666666667
5.962962962962963
5.828282828282828
6.010309278350515
5.583333333333333
5.361702127659575
5.426966292134831
5.868131868131868
4.618556701030927
6.147368421052631
6.166666666666667
5.962962962962963
5.365591397849462
5.946236559139785
5.138297872340425
5.170454545454546
5.640449438202247
5.6063829787234045
5.968421052631579
5.659090909090909
5.623655913978495
5.363636363636363
6.038961038961039
6.115384615384615
5.926315789473684
5.173469387755102
5.682926829268292
5.640449438202247
5.702127659574468
5.635416666666667
5.655913978494624
5.4945054945054945
4.79
5.266666666666667
5.7407407407407405
5.684931506849315
5.860759493670886
5.964705882352941
6.1234567901234565
5.914893617021277
5.774193548387097
5.571428571428571
5.394736842105263
5.619565217391305
5.469135802469136
5.371794871794871
5.5
5.383720930232558
5.946808510638298
5.377777777777778
5.420454545454546
5.518987341772152
5.655913978494624
5.253012048192771
5.48051948051948
5.901234567901234
5.1521739130434785
6.346666666666667
5.886363636363637
5.011494252873563
5.831578947368421
5.410526315789474
5.729411764705882
5.364705882352941
5.82
6.425
5.948453608247423
5.776470588235294
5.541176470588235
5.0
5.493827160493828
5.759036144578313
5.052631578947368
6.043956043956044
5.445652173913044
5.4941176470588236
4.726027397260274
5.5212765957446805
5.8765432098765435
6.21505376344086
5.688888888888889
5.634408602150538
5.09375
5.76530612244898
6.125
6.204819277108434
5.948717948717949
6.098765432098766
5.369565217391305
6.152941176470589
5.707865168539326
5.630952380952381
5.51
6.265822784810126
5.813953488372093
5.411111111111111
5.8522727272727275
5.316326530612245
5.775280898876405
5.147368421052631
5.634408602150538
6.1477272727272725
5.951219512195122
5.693181818181818
5.658823529411765
5.559523809523809
5.882978723404255
5.5058823529411764
5.59375
6.241758241758242
6.207792207792208
5.686746987951807
5.506024096385542
5.582417582417582
5.95
5.25
6.012987012987013
5.7976190476190474
5.7215189873417724
6.075
5.065789473684211
5.987804878048781
5.472527472527473
6.1506849315068495
5.924050632911392
5.888888888888889
6.666666666666667
5.910256410256411
5.310344827586207
5.987341772151899
6.097560975609756
5.957142857142857
6.057471264367816
5.621951219512195
5.67948717948718
6.885714285714286
5.96
6.010752688172043
5.689655172413793
5.434210526315789
5.808219178082192
5.08235294117647
6.2405063291139244
5.523255813953488
6.287356321839081
5.698795180722891
5.829787234042553
6.049382716049383
5.831460674157303
5.558139534883721
6.1891891891891895
5.410256410256411
5.833333333333333
5.114942528735632
5.5813953488372094
5.618421052631579
5.7317073170731705
5.76056338028169
5.7368421052631575
5.346666666666667
6.263736263736264
4.163043478260869
5.942528735632184
5.380281690140845
4.7926829268292686
5.621621621621622
5.380952380952381
4.8875
5.5227272727272725
6.472972972972973
5.786516853932584
5.195652173913044
5.56043956043956
5.465909090909091
5.7976190476190474
5.602739726027397
5.247058823529412
6.137931034482759
5.108433734939759
5.534246575342466
6.537313432835821
5.2317073170731705
6.298701298701299
4.9787234042553195
5.5375
6.264367816091954
5.105263157894737
6.082191780821918
5.925925925925926
5.780821917808219
5.930232558139535
5.758620689655173
5.709302325581396
6.042553191489362
5.808988764044944
5.903614457831325
5.8
6.068181818181818
6.3164556962025316
5.473684210526316
5.391891891891892
5.544303797468355
6.438356164383562
6.215189873417722
5.726027397260274
5.807228915662651
5.784090909090909
5.35064935064935
5.65625
5.663043478260869
6.113924050632911
4.8352941176470585
5.485294117647059
6.430379746835443
6.029850746268656
5.914285714285715
5.694117647058824
5.827160493827161
6.134146341463414
5.623655913978495
6.138297872340425
5.878378378378378
5.139240506329114
5.9625
5.1688311688311686
5.420289855072464
6.25
5.514705882352941
5.579545454545454
6.1066666666666665
6.075268817204301
6.1875
5.828947368421052
5.976470588235294
5.525773195876289
6.109756097560975
5.329670329670329
6.376623376623376
6.125
5.461538461538462
6.0
6.154761904761905
5.890410958904109
5.52808988764045
6.0519480519480515
6.174418604651163
5.78125
4.647058823529412
5.936708860759493
5.475
5.8307692307692305
5.831460674157303
6.226190476190476
5.988636363636363
5.45945945945946
5.945652173913044
6.287356321839081
6.065789473684211
6.093333333333334
5.78021978021978
5.129411764705883
5.566666666666666
5.7894736842105265
5.887096774193548
5.813186813186813
5.875
5.9411764705882355
6.141025641025641
5.024390243902439
5.807228915662651
6.318181818181818
5.7625
5.364705882352941
5.027397260273973
6.276595744680851
5.036144578313253
5.906666666666666
6.223684210526316
5.771084337349397
5.722222222222222
5.853658536585366
5.766233766233766
6.279411764705882
6.544303797468355
5.758620689655173
6.277777777777778
5.425
4.875
5.875
6.121951219512195
6.618421052631579
5.675324675324675
5.698795180722891
5.588235294117647
5.870967741935484
5.529411764705882
5.129032258064516
5.948717948717949
6.517241379310345
5.886363636363637
5.220779220779221
5.583333333333333
5.929411764705883
5.043478260869565
5.95945945945946
6.224719101123595
5.655555555555556
5.719512195121951
5.581081081081081
6.423529411764706
6.172839506172839
6.081081081081081
5.9010989010989015
5.9879518072289155
6.014925373134329
6.181818181818182
6.336956521739131
6.267441860465116
5.987012987012987
5.619047619047619
5.28
6.025
5.851351351351352
5.597402597402597
5.2317073170731705
5.617977528089888
5.435897435897436
6.155555555555556
5.976470588235294
5.346153846153846
5.641025641025641
5.648648648648648
6.159420289855072
5.682352941176471
5.9480519480519485
6.1
5.949367088607595
5.383561643835616
5.961038961038961
6.444444444444445
5.75
6.414285714285715
6.17948717948718
6.232876712328767
6.119565217391305
5.763888888888889
5.9523809523809526
5.671428571428572
6.1
5.177215189873418
6.107142857142857
6.45679012345679
6.042857142857143
5.838235294117647
5.6
6.0
6.337209302325581
5.589041095890411
6.115942028985507
5.594936708860759
6.208333333333333
5.373134328358209
6.690140845070423
5.25
6.044943820224719
5.708333333333333
5.620253164556962
6.352941176470588
5.910112359550562
5.7594936708860756
5.284090909090909
5.896103896103896
4.811594202898551
5.8533333333333335
6.134328358208955
6.1940298507462686
5.433333333333334
5.531645569620253
6.08
6.148648648648648
5.72
5.541666666666667
5.9
6.604651162790698
6.632183908045977
5.4324324324324325
6.394366197183099
6.28
5.771428571428571
4.880952380952381
5.935064935064935
5.746666666666667
5.921052631578948
5.87012987012987
6.346666666666667
5.802631578947368
5.846153846153846
6.048192771084337
5.825581395348837
5.648648648648648
5.886075949367089
6.024096385542169
6.486486486486487
5.846153846153846
6.117647058823529
5.780487804878049
6.379310344827586
5.3375
5.671052631578948
6.052631578947368
5.690476190476191
5.622222222222222
6.353658536585366
5.402439024390244
5.397435897435898
5.8765432098765435
6.246753246753247
5.466666666666667
5.373333333333333
5.934210526315789
6.075757575757576
5.391304347826087
5.507042253521127
5.631578947368421
6.116883116883117
5.884615384615385
5.410958904109589
6.015625
5.785714285714286
5.450704225352113
5.706666666666667
6.056338028169014
6.465116279069767
6.376623376623376
5.945205479452055
5.766233766233766
5.881578947368421
6.065789473684211
5.507042253521127
5.445945945945946
5.626865671641791
6.569444444444445
5.0
6.0227272727272725
6.384615384615385
5.623529411764705
6.113924050632911
6.109589041095891
6.2465753424657535
5.9125
6.052631578947368
6.053333333333334
6.269662921348314
6.4520547945205475
5.581081081081081
6.074074074074074
5.845238095238095
5.647058823529412
5.671052631578948
6.338028169014085
5.576470588235294
5.569620253164557
6.314606741573034
5.475
5.987654320987654
5.253521126760563
5.662650602409639
6.116279069767442
5.839506172839506
5.807228915662651
6.2272727272727275
6.409836065573771
6.2105263157894735
6.439024390243903
6.043956043956044
6.373333333333333
5.561643835616438
5.241379310344827
5.5
6.3924050632911396
6.0
6.153846153846154
6.623376623376624
5.938271604938271
6.294117647058823
6.025
6.0
6.390243902439025
6.112676056338028
6.645161290322581
5.265822784810126
5.415584415584416
5.867469879518072
6.571428571428571
5.527777777777778
6.202702702702703
6.527027027027027
5.230769230769231
5.421052631578948
5.662650602409639
5.968085106382978
5.739726027397261
5.742857142857143
5.410256410256411
5.420289855072464
5.523809523809524
5.3088235294117645
6.053333333333334
5.256410256410256
5.590909090909091
6.291666666666667
5.363636363636363
6.774193548387097
6.2784810126582276
5.1940298507462686
6.173913043478261
5.771428571428571
5.397260273972603
6.0
5.950819672131147
5.628571428571429
5.8
5.75
6.045454545454546
5.190476190476191
6.35
6.128571428571429
6.217391304347826
5.975903614457831
5.790322580645161
6.482352941176471
5.2894736842105265
5.891566265060241
6.253731343283582
6.305555555555555
6.277777777777778
6.142857142857143
6.158536585365853
6.428571428571429
6.54054054054054
4.5
6.185185185185185
6.45
5.64
5.932584269662922
5.986666666666666
6.041666666666667
5.848101265822785
6.08641975308642
6.04054054054054
6.285714285714286
5.545454545454546
5.973684210526316
5.788732394366197
5.114285714285714
5.756756756756757
5.974683544303797
6.166666666666667
6.116279069767442
4.385542168674699
6.053333333333334
5.72463768115942
6.421052631578948
5.552941176470588
5.726190476190476
6.136986301369863
5.6571428571428575
5.311688311688312
6.527777777777778
6.081081081081081
5.527777777777778
5.397058823529412
5.769230769230769
6.23943661971831
5.565789473684211
5.8125
6.376623376623376
5.831325301204819
6.657894736842105
5.938461538461539
5.955223880597015
6.830985915492958
6.586666666666667
5.842105263157895
6.049382716049383
5.970588235294118
5.731343283582089
5.422535211267606
5.942857142857143
5.983606557377049
5.72093023255814
5.818181818181818
5.869047619047619
5.6923076923076925
6.6891891891891895
5.774647887323944
5.590361445783133
6.0875
5.609756097560975
5.1940298507462686
6.128571428571429
5.925
5.948717948717949
6.628571428571429
6.076923076923077
5.8311688311688314
6.0285714285714285
6.066666666666666
5.533333333333333
5.9375
6.626865671641791
5.891566265060241
5.514285714285714
5.942857142857143
5.833333333333333
5.367647058823529
5.984615384615385
6.253968253968254
5.454545454545454
6.375
5.638888888888889
5.1558441558441555
5.571428571428571
6.083333333333333
5.714285714285714
5.69620253164557
5.947368421052632
6.12987012987013
5.8428571428571425
5.428571428571429
5.765432098765432
4.857142857142857
5.212121212121212
5.45945945945946
5.817073170731708
5.9605263157894735
6.506849315068493
5.714285714285714
6.7875
6.233333333333333
5.144736842105263
6.083333333333333
6.6923076923076925
5.9
6.057142857142857
5.890410958904109
6.144578313253012
6.217391304347826
6.164179104477612
5.972972972972973
5.947368421052632
5.734177215189874
5.486486486486487
6.202702702702703
5.973684210526316
6.634146341463414
5.946666666666666
5.128205128205129
6.098591549295775
5.530864197530864
6.059701492537314
5.716216216216216
5.214285714285714
6.243589743589744
5.865853658536586
6.3088235294117645
5.213333333333333
5.712328767123288
6.114285714285714
5.739726027397261
5.891891891891892
5.333333333333333
5.608695652173913
6.21875
5.690140845070423
5.546666666666667
5.746478873239437
6.205479452054795
6.920634920634921
6.538461538461538
5.780821917808219
6.28
5.76
6.333333333333333
5.986666666666666
6.253521126760563
6.352941176470588
5.444444444444445
5.946666666666666
5.28125
5.885245901639344
6.180555555555555
5.538461538461538
5.298701298701299
5.597402597402597
5.396825396825397
5.797101449275362
6.3768115942028984
5.8428571428571425
5.579710144927536
5.9714285714285715
5.226666666666667
6.848484848484849
6.375
6.655737704918033
5.958333333333333
5.584415584415584
6.461538461538462
5.846153846153846
5.910256410256411
6.466666666666667
6.814285714285714
6.567164179104478
6.166666666666667
6.189655172413793
6.236111111111111
5.656716417910448
6.551282051282051
5.962025316455696
6.477611940298507
6.183098591549296
6.424242424242424
5.922077922077922
5.551282051282051
5.55
6.385714285714286
5.358974358974359
5.96969696969697
5.450704225352113
5.861111111111111
6.343283582089552
5.676056338028169
6.190476190476191
6.3561643835616435
6.084507042253521
6.135135135135135
6.591549295774648
5.565217391304348
5.455882352941177
5.830508474576271
6.2
5.821917808219178
6.014285714285714
6.098591549295775
5.8734177215189876
5.448717948717949
5.824324324324325
6.450704225352113
6.190476190476191
6.111111111111111
5.746666666666667
6.128205128205129
5.449275362318841
6.235294117647059
5.323529411764706
6.2465753424657535
5.337662337662338
5.384615384615385
5.04
6.412698412698413
6.575757575757576
5.809523809523809
6.25
1.0
1.0
1.0
1.0
6.047058823529412
