1.0
1.0
1.0
1.0
1.0
1.0
1.0
0.99
1.0
1.0
1.0
1.0
1.0
1.0
1.0
1.0
1.0
1.0
1.0
1.0
1.0
1.0
1.0
1.0
1.0
1.0
1.0
1.0
1.0
1.0
0.99
1.0
1.0
1.0
1.0
1.0
1.0
1.0
1.0
0.98
1.0
1.0
0.98
1.0
1.0
1.0
1.0
0.99
1.0
1.0
1.0
1.0
1.0
1.0
1.0
1.0
1.0
1.0
1.0
1.0
1.0
1.0
1.0
1.0
1.0
1.0
0.98
1.0
1.0
1.0
0.99
1.0
1.0
1.0
1.0
1.0
1.0
0.98
1.0
1.0
1.0
1.0
1.0
0.97
1.0
1.0
1.0
1.0
1.0
1.0
1.0
1.0
1.0
0.98
1.0
0.99
1.0
1.0
1.0
1.0
0.99
1.0
1.0
0.99
1.0
1.0
1.0
1.0
1.0
0.97
0.98
0.98
1.0
0.99
1.0
0.99
1.0
1.0
1.0
1.0
0.99
1.0
1.0
1.0
1.0
1.0
0.99
0.99
0.99
1.0
1.0
0.98
1.0
1.0
0.96
0.97
1.0
1.0
1.0
1.0
1.0
1.0
1.0
1.0
1.0
0.99
1.0
1.0
1.0
0.98
1.0
1.0
1.0
1.0
0.92
1.0
1.0
1.0
1.0
1.0
0.98
1.0
1.0
0.98
1.0
0.99
1.0
0.99
1.0
0.98
0.99
1.0
0.97
0.97
0.98
1.0
0.99
1.0
1.0
0.98
1.0
0.96
1.0
0.98
1.0
1.0
0.97
0.97
1.0
0.95
1.0
0.99
0.99
1.0
0.99
1.0
1.0
1.0
0.98
0.94
1.0
1.0
1.0
1.0
1.0
1.0
1.0
1.0
0.99
1.0
1.0
0.96
0.99
0.97
0.99
0.96
1.0
1.0
1.0
0.96
1.0
0.99
0.96
0.99
1.0
1.0
0.98
0.98
1.0
1.0
0.99
0.95
0.99
0.98
1.0
1.0
1.0
1.0
1.0
0.98
1.0
1.0
0.94
0.98
1.0
1.0
1.0
1.0
1.0
1.0
1.0
1.0
0.99
0.95
0.93
0.99
1.0
1.0
1.0
0.95
1.0
1.0
1.0
1.0
1.0
0.99
0.99
0.93
0.98
0.99
0.94
1.0
1.0
1.0
0.96
1.0
0.95
0.95
0.99
1.0
0.99
0.98
0.99
0.98
1.0
0.96
0.94
0.97
1.0
1.0
1.0
0.98
1.0
0.99
1.0
0.98
1.0
0.96
1.0
0.98
0.99
0.99
0.99
0.98
1.0
0.99
1.0
0.98
0.97
1.0
0.96
1.0
0.99
0.99
1.0
1.0
1.0
0.99
0.94
0.97
0.99
0.95
0.98
1.0
1.0
0.99
0.98
0.99
1.0
1.0
1.0
1.0
1.0
1.0
1.0
1.0
0.97
0.97
1.0
0.98
1.0
0.99
0.92
1.0
1.0
0.99
0.98
0.99
0.97
0.99
0.95
0.98
0.97
0.98
0.98
0.97
0.94
0.97
0.98
0.99
0.99
0.96
0.99
0.97
0.96
0.97
0.96
0.92
0.95
0.99
1.0
0.9
0.88
0.98
0.97
1.0
1.0
0.99
0.99
0.98
1.0
0.96
0.89
0.99
1.0
1.0
0.93
0.95
0.95
0.95
0.99
0.94
0.98
0.99
0.98
0.96
0.97
0.97
0.95
0.93
0.99
0.97
0.97
0.97
0.99
1.0
0.97
0.98
0.99
0.99
0.93
0.94
0.92
0.96
0.89
0.99
0.99
0.96
0.97
0.93
0.97
0.95
0.99
0.98
1.0
1.0
0.98
0.97
1.0
0.99
0.99
0.96
0.98
0.96
0.96
0.97
0.94
0.96
0.99
0.97
1.0
1.0
0.96
1.0
0.91
0.99
0.93
0.9
0.97
0.97
0.98
1.0
0.99
0.95
0.95
0.99
0.96
0.93
0.99
0.97
0.99
0.99
0.98
0.98
0.98
0.97
0.99
0.98
0.98
1.0
0.97
0.97
0.92
1.0
0.91
0.99
0.89
0.97
0.95
0.97
1.0
0.98
0.95
1.0
0.98
0.99
0.93
0.96
0.99
0.97
0.95
0.99
0.97
0.99
0.98
0.95
1.0
0.92
0.97
0.98
0.96
0.97
0.99
0.92
0.98
0.86
1.0
1.0
0.92
0.96
0.98
0.98
0.99
0.92
0.94
0.99
0.99
0.91
0.93
0.97
0.97
0.99
0.95
0.96
0.99
0.97
0.98
0.98
0.96
1.0
0.98
0.99
0.96
0.94
0.99
0.99
0.94
0.96
0.99
0.99
0.97
0.97
0.99
0.94
0.98
1.0
0.94
0.92
1.0
0.98
0.95
0.98
0.97
0.96
0.97
0.98
0.99
0.99
0.96
0.99
0.94
0.95
0.91
0.97
0.98
0.98
0.99
0.96
0.99
0.96
0.89
0.99
0.89
0.9
0.96
0.96
1.0
0.92
0.97
0.96
0.98
0.94
0.98
0.97
0.92
0.92
0.98
0.96
0.99
0.88
0.89
0.96
0.96
0.95
0.88
0.99
1.0
0.9
0.99
0.99
0.99
0.98
0.97
0.99
0.97
0.9
0.97
0.95
0.99
1.0
0.94
0.96
0.94
0.95
0.92
1.0
0.99
0.95
0.95
1.0
0.94
0.97
0.98
0.96
0.96
0.96
0.92
0.94
0.9
1.0
0.99
0.97
0.99
0.98
0.99
0.93
0.96
0.99
0.98
0.95
0.93
0.98
0.97
1.0
0.97
0.96
0.87
0.95
0.93
0.93
0.95
0.91
0.93
0.99
0.92
0.97
0.93
0.98
0.93
0.92
0.96
0.92
0.97
0.93
0.97
0.9
0.94
0.91
0.94
0.97
0.95
0.94
0.92
0.93
0.94
0.99
0.96
0.95
0.94
0.89
0.97
1.0
0.94
0.95
0.99
0.95
0.94
0.94
1.0
0.94
1.0
0.97
0.98
0.96
0.99
0.98
0.97
0.97
0.99
0.98
1.0
0.97
0.87
0.91
0.94
0.96
1.0
0.92
0.95
1.0
0.97
0.93
0.93
0.96
0.99
0.95
0.94
0.95
0.91
0.96
0.93
0.95
0.96
0.96
0.97
0.99
0.98
0.94
0.92
0.96
0.94
1.0
1.0
0.91
0.91
0.95
0.91
0.97
0.93
0.93
0.95
0.94
0.94
0.96
0.92
0.97
0.97
0.93
0.94
0.9
0.98
0.93
0.89
0.93
0.97
0.93
0.98
0.92
0.97
0.92
0.94
0.9
0.98
0.96
1.0
0.87
0.95
0.95
0.96
0.93
0.92
0.95
0.99
0.98
0.98
0.92
0.98
0.94
0.95
0.97
0.94
0.91
0.99
0.93
0.91
0.96
0.96
0.93
0.91
0.97
0.97
0.96
0.98
0.95
0.93
0.99
0.99
0.94
0.92
0.92
0.95
0.95
0.98
0.95
0.93
0.98
0.94
0.96
0.9
0.95
0.94
0.98
0.95
0.94
0.94
0.95
0.98
0.95
0.93
0.95
0.94
0.95
1.0
0.92
0.96
0.91
0.92
0.91
0.95
0.96
0.96
0.9
0.95
0.95
0.94
0.91
0.98
0.91
0.95
0.92
0.92
0.95
0.93
1.0
0.92
0.98
0.94
0.92
0.95
0.95
0.91
0.94
0.97
0.91
0.96
0.91
0.91
0.91
0.92
0.95
0.93
0.96
0.92
0.94
0.9
0.95
0.99
0.95
0.93
0.91
0.96
0.92
0.9
0.93
0.92
0.93
0.94
0.92
0.95
0.96
0.91
0.94
0.98
0.93
0.94
0.97
0.95
0.96
0.92
0.94
0.91
0.93
0.92
0.94
0.93
0.98
0.99
0.94
0.97
0.91
0.95
0.94
0.94
0.96
0.9
0.92
0.99
0.92
0.95
0.93
0.98
0.91
0.99
0.94
0.92
0.94
0.96
0.95
0.93
0.93
0.96
0.94
0.92
0.92
0.9
0.93
0.94
0.94
0.97
0.97
0.95
0.95
0.93
0.93
0.95
0.96
0.95
0.94
0.89
0.94
0.85
0.9
0.96
0.9
0.9
0.94
0.93
0.98
0.91
0.95
0.96
0.93
0.97
0.93
0.92
0.95
0.96
0.95
0.95
0.94
0.95
0.88
0.9
0.93
0.96
0.91
0.89
0.97
0.97
0.92
0.88
0.93
0.96
0.91
0.94
0.95
0.98
0.92
0.9
0.91
0.9
0.93
0.89
0.93
0.92
0.92
0.99
0.88
0.93
0.95
0.93
0.95
0.9
0.91
0.97
0.98
0.93
0.92
0.88
0.97

2.5
3.13
2.49
1.0
2.25
3.38
2.47
2.757575757575758
1.0
2.21
2.52
2.67
2.53
2.34
2.52
3.23
2.45
3.15
3.09
3.06
3.34
2.6
2.46
3.11
3.39
2.6
3.11
3.32
3.39
3.09
3.3333333333333335
3.32
3.01
3.48
3.16
3.44
3.12
2.72
3.42
2.7142857142857144
3.08
3.11
3.4081632653061225
3.57
2.65
2.75
3.33
2.9797979797979797
3.35
3.21
3.24
2.54
2.8
3.46
2.47
4.06
3.51
3.6
3.14
3.17
3.6
2.58
2.69
3.76
3.23
2.3
4.112244897959184
3.29
3.2
3.76
3.6262626262626263
3.39
3.39
2.54
2.66
3.41
3.34
2.693877551020408
3.58
2.71
3.59
2.63
3.31
4.072164948453608
3.56
2.65
3.39
2.68
3.62
3.36
3.57
3.44
2.76
2.7653061224489797
2.86
3.4242424242424243
3.16
2.49
3.29
3.36
2.919191919191919
3.47
3.66
3.5353535353535355
3.84
2.81
3.18
2.77
3.15
2.7628865979381443
3.8979591836734695
3.7857142857142856
3.34
3.696969696969697
2.47
2.707070707070707
3.26
2.61
3.29
2.68
3.3737373737373737
2.66
3.38
2.96
3.59
2.76
3.595959595959596
3.313131313131313
2.6161616161616164
3.54
4.1
3.7244897959183674
2.59
3.83
4.15625
3.5257731958762886
2.86
3.24
3.52
3.42
3.45
3.54
3.4
3.47
3.34
3.5353535353535355
2.74
3.5
3.29
3.36734693877551
3.35
3.8
3.51
3.51
3.532608695652174
3.84
3.3
2.83
3.3
3.63
3.622448979591837
3.52
2.86
3.857142857142857
3.36
3.515151515151515
3.34
3.8484848484848486
3.8
3.5
4.040404040404041
3.79
2.814432989690722
4.123711340206185
3.86734693877551
3.82
3.0505050505050506
3.76
3.34
3.7755102040816326
3.18
3.8229166666666665
4.09
3.5510204081632653
3.54
3.34
4.020618556701031
3.9587628865979383
3.65
3.610526315789474
3.5
4.141414141414141
4.05050505050505
3.72
2.888888888888889
3.26
3.53
3.28
4.13265306122449
3.3085106382978724
3.3
4.03
3.46
3.8
3.13
3.82
3.42
3.49
3.3535353535353534
2.76
2.81
3.5833333333333335
3.292929292929293
2.6391752577319587
3.757575757575758
4.114583333333333
3.45
3.54
3.83
4.020833333333333
3.62
3.878787878787879
4.197916666666667
2.8181818181818183
3.41
3.61
3.5306122448979593
3.5714285714285716
3.91
3.56
3.585858585858586
2.6736842105263157
2.707070707070707
3.663265306122449
3.81
3.48
3.46
2.89
3.45
3.806122448979592
3.62
3.73
4.329787234042553
3.642857142857143
3.19
4.14
3.71
3.41
3.58
3.95
4.13
3.53
3.6161616161616164
3.0842105263157893
4.172043010752688
4.0606060606060606
4.24
2.68
3.84
3.736842105263158
3.72
4.11
3.59
3.57
2.53
2.707070707070707
3.4545454545454546
3.881720430107527
3.561224489795918
3.676767676767677
3.9468085106382977
3.79
3.4
3.48
3.84375
3.74
4.08421052631579
3.557894736842105
2.8484848484848486
3.52
3.8181818181818183
3.6530612244897958
3.676767676767677
3.806122448979592
3.53
3.53125
3.5
2.865979381443299
3.05
4.35
4.15
3.4183673469387754
3.8
2.6666666666666665
3.85
3.3979591836734695
3.79
3.90625
3.89
4.142857142857143
2.696969696969697
3.6262626262626263
2.909090909090909
3.8979591836734695
2.91
3.2626262626262625
3.8
3.489795918367347
2.711340206185567
3.58
4.375
3.83
3.515151515151515
3.8484848484848486
3.32
3.53
3.9
4.161616161616162
3.9148936170212765
3.9896907216494846
3.0606060606060606
4.2631578947368425
3.5714285714285716
2.84
3.27
3.8585858585858586
3.836734693877551
3.4545454545454546
4.14
3.35
3.43
3.29
3.61
4.2
3.75
3.63
3.597938144329897
3.3402061855670104
4.21
4.010204081632653
2.87
4.101010101010101
4.010869565217392
3.75
3.68
2.8585858585858586
3.5510204081632653
2.7777777777777777
3.8556701030927836
3.8181818181818183
3.905263157894737
3.6530612244897958
3.7938144329896906
3.693877551020408
2.877551020408163
4.319587628865979
4.276595744680851
3.6804123711340204
4.295918367346939
3.808080808080808
2.707070707070707
4.125
3.9494949494949494
3.9690721649484537
3.8958333333333335
3.88659793814433
3.8541666666666665
4.641304347826087
3.9473684210526314
4.0606060606060606
3.88
3.8
4.113636363636363
3.9693877551020407
3.865979381443299
3.14
4.33
2.9494949494949494
4.262626262626263
4.3061224489795915
4.12
3.4583333333333335
4.370786516853933
3.909090909090909
3.07
2.62
3.5591397849462365
3.442105263157895
3.694736842105263
3.8526315789473684
3.4545454545454546
3.7872340425531914
3.7244897959183674
2.9393939393939394
3.673469387755102
2.6979166666666665
3.5876288659793816
3.7731958762886597
2.8421052631578947
3.6344086021505375
3.9797979797979797
4.092783505154639
3.0618556701030926
3.6907216494845363
3.797979797979798
3.55
2.845360824742268
3.938775510204082
3.3838383838383836
4.090909090909091
3.774193548387097
4.404255319148936
4.315217391304348
2.8854166666666665
3.8764044943820224
3.6666666666666665
3.7474747474747474
4.114583333333333
2.865979381443299
3.6666666666666665
3.8350515463917527
4.252631578947368
3.04040404040404
3.7551020408163267
3.81
3.76
3.877551020408163
4.154639175257732
3.52
4.05050505050505
4.222222222222222
2.9791666666666665
2.7551020408163267
3.8333333333333335
4.3125
3.9072164948453607
3.8404255319148937
3.6041666666666665
3.8484848484848486
3.484536082474227
3.78
3.51
3.9479166666666665
2.62
3.67032967032967
4.141414141414141
3.903225806451613
3.7
3.536082474226804
3.8762886597938144
4.030612244897959
3.3
4.171717171717172
3.8210526315789473
3.642105263157895
3.919191919191919
3.6875
2.989247311827957
4.343434343434343
3.515463917525773
3.797979797979798
4.303030303030303
3.6122448979591835
4.418367346938775
3.86734693877551
4.020618556701031
3.8686868686868685
4.0
2.938775510204082
3.86
4.22680412371134
3.6597938144329896
3.5760869565217392
3.88
3.868131868131868
2.7676767676767677
3.764044943820225
3.536082474226804
3.663157894736842
3.5051546391752577
3.95
3.561224489795918
4.08421052631579
3.73
4.255102040816326
3.5555555555555554
3.956989247311828
4.15625
3.6363636363636362
3.8247422680412373
4.221052631578948
3.474747474747475
2.670103092783505
3.676767676767677
3.7653061224489797
4.28421052631579
3.47
3.760869565217391
3.711340206185567
4.326530612244898
2.7708333333333335
3.4123711340206184
3.9696969696969697
2.9782608695652173
3.63265306122449
3.5813953488372094
4.04
3.05
3.641304347826087
3.6875
4.275510204081633
4.020408163265306
3.6666666666666665
4.0978260869565215
3.8617021276595747
3.919191919191919
3.717171717171717
3.923076923076923
3.3763440860215055
3.3608247422680413
4.134020618556701
4.424242424242424
3.9157894736842107
3.9166666666666665
3.323232323232323
3.0
4.091836734693878
3.683673469387755
2.7916666666666665
4.3
4.438775510204081
3.9292929292929295
4.177083333333333
3.75531914893617
3.7373737373737375
3.8383838383838382
3.8191489361702127
3.8125
3.6464646464646466
3.4343434343434343
2.8969072164948453
4.072164948453608
3.7373737373737375
3.595744680851064
3.9489795918367347
4.2
3.9574468085106385
3.9347826086956523
4.27
3.5306122448979593
3.9263157894736844
2.86734693877551
3.4123711340206184
3.6979166666666665
4.0
4.0
3.606060606060606
3.909090909090909
3.6041666666666665
3.8585858585858586
3.521276595744681
2.736842105263158
3.8461538461538463
4.0
4.295918367346939
4.275510204081633
3.9393939393939394
4.260416666666667
3.585858585858586
2.9895833333333335
3.842696629213483
3.727272727272727
4.112359550561798
4.466666666666667
4.270833333333333
4.28125
3.4
3.510869565217391
4.185567010309279
3.5
3.5
3.5106382978723403
4.408163265306122
3.88659793814433
3.847826086956522
4.195652173913044
3.357142857142857
3.625
4.313131313131313
3.5454545454545454
4.157303370786517
3.7916666666666665
3.625
3.4947368421052634
4.545454545454546
2.8585858585858586
4.32
3.6555555555555554
4.202020202020202
4.313131313131313
3.606060606060606
3.8877551020408165
3.5051546391752577
3.909090909090909
3.5670103092783507
3.966666666666667
4.268041237113402
4.389473684210526
3.6565656565656566
3.52
3.978723404255319
3.90625
4.1063829787234045
3.8947368421052633
3.9782608695652173
4.51
4.353535353535354
3.4842105263157896
4.294736842105263
4.38
3.7872340425531914
2.6804123711340204
4.030612244897959
3.65625
4.0625
3.9270833333333335
4.184782608695652
3.4574468085106385
3.933333333333333
3.69
3.95959595959596
2.9278350515463916
3.787878787878788
3.8877551020408165
4.121212121212121
4.301075268817204
4.1875
3.919191919191919
4.326530612244898
3.8210526315789473
3.935483870967742
3.173469387755102
2.804123711340206
3.55
3.948453608247423
3.0729166666666665
2.6666666666666665
3.5157894736842104
4.161290322580645
3.6021505376344085
3.431578947368421
3.7142857142857144
3.903225806451613
2.727272727272727
3.3152173913043477
4.123711340206185
3.956989247311828
4.1938775510204085
2.89247311827957
4.119565217391305
3.9375
3.902173913043478
3.5051546391752577
4.258064516129032
4.216494845360825
4.655555555555556
4.340425531914893
3.087912087912088
3.617021276595745
4.072164948453608
3.6526315789473682
3.872340425531915
3.8043478260869565
4.258064516129032
2.6702127659574466
4.262626262626263
4.125
4.042105263157895
4.26595744680851
4.089887640449438
4.422680412371134
3.66
3.9680851063829787
4.252631578947368
3.6363636363636362
4.315789473684211
4.25531914893617
3.872340425531915
4.28
3.595744680851064
4.18
3.9381443298969074
3.7755102040816326
3.8541666666666665
4.181818181818182
4.010204081632653
4.103092783505154
3.7938144329896906
3.717171717171717
4.36734693877551
4.15
3.670103092783505
4.425287356321839
3.8131868131868134
4.0212765957446805
3.9270833333333335
3.71
3.760869565217391
3.2842105263157895
3.69
3.618556701030928
4.666666666666667
3.6129032258064515
4.270833333333333
4.151515151515151
4.063157894736842
4.223404255319149
3.831578947368421
3.956043956043956
4.010416666666667
4.32258064516129
4.189473684210526
3.7708333333333335
3.625
3.9381443298969074
4.101010101010101
3.4183673469387754
3.851063829787234
4.184782608695652
2.6458333333333335
3.776595744680851
3.35
3.86
3.5384615384615383
4.087912087912088
3.536842105263158
3.5274725274725274
3.845360824742268
3.5483870967741935
3.924731182795699
3.4105263157894736
3.574468085106383
3.797872340425532
3.6041666666666665
4.336956521739131
3.979381443298969
2.8247422680412373
3.860215053763441
3.6914893617021276
3.3
4.346938775510204
4.053763440860215
3.6853932584269664
3.6989247311827955
3.711340206185567
4.483870967741935
3.816326530612245
4.010869565217392
3.8247422680412373
3.0760869565217392
3.6808510638297873
3.7888888888888888
4.275510204081633
3.8541666666666665
3.81
4.310344827586207
4.410526315789474
4.463157894736842
3.8541666666666665
3.989247311827957
4.358695652173913
4.484210526315789
4.101010101010101
4.23469387755102
4.5
2.7934782608695654
4.040816326530612
3.978723404255319
3.9263157894736844
3.9278350515463916
4.031914893617022
4.241758241758242
4.242424242424242
3.89247311827957
4.230769230769231
3.5520833333333335
2.7291666666666665
3.849462365591398
4.153846153846154
4.22680412371134
4.092783505154639
4.166666666666667
4.3061224489795915
3.694736842105263
4.268817204301075
3.090909090909091
4.171717171717172
3.7127659574468086
3.5543478260869565
3.2934782608695654
4.273684210526316
4.042105263157895
3.7857142857142856
2.768421052631579
2.881720430107527
4.418367346938775
3.223404255319149
3.6458333333333335
4.566666666666666
3.4947368421052634
4.5638297872340425
4.204081632653061
4.073684210526316
4.329787234042553
4.074468085106383
4.168421052631579
3.7346938775510203
4.168421052631579
3.827956989247312
4.126315789473685
3.8191489361702127
3.831578947368421
4.16
3.6847826086956523
3.7604166666666665
3.5714285714285716
4.478260869565218
4.21978021978022
3.4947368421052634
4.052083333333333
3.46875
2.8777777777777778
4.705263157894737
3.873684210526316
2.8617021276595747
4.362637362637362
3.9081632653061225
3.978021978021978
4.442105263157894
4.021739130434782
3.8260869565217392
3.8
4.623655913978495
4.34
2.880434782608696
3.989795918367347
3.3085106382978724
3.2065217391304346
4.136842105263158
4.010526315789473
3.1868131868131866
4.404255319148936
4.164948453608248
3.021978021978022
3.5833333333333335
3.934065934065934
3.5824175824175826
4.197802197802198
4.260869565217392
3.968421052631579
4.290322580645161
3.9375
3.597826086956522
2.75531914893617
3.477777777777778
4.042105263157895
3.676767676767677
3.8526315789473684
4.419354838709677
3.659340659340659
4.708333333333333
4.5978260869565215
3.3666666666666667
4.301075268817204
4.695652173913044
3.5591397849462365
2.904255319148936
3.8260869565217392
4.515789473684211
4.03125
4.362637362637362
4.372340425531915
3.704081632653061
4.301075268817204
2.904255319148936
3.8247422680412373
3.6736842105263157
4.520833333333333
3.8369565217391304
3.4893617021276597
4.263736263736264
3.838709677419355
4.3478260869565215
3.106382978723404
3.4086021505376345
4.183673469387755
4.05050505050505
3.9361702127659575
3.8350515463917527
4.285714285714286
3.831578947368421
4.0
3.9574468085106385
3.625
3.8222222222222224
3.7282608695652173
4.111111111111111
3.5217391304347827
3.6315789473684212
3.978494623655914
4.510204081632653
4.3076923076923075
3.595959595959596
3.797872340425532
3.717391304347826
4.457446808510638
3.8958333333333335
3.9263157894736844
3.849462365591398
3.3333333333333335
4.416666666666667
2.7872340425531914
3.5869565217391304
4.130434782608695
3.2222222222222223
3.817204301075269
3.6595744680851063
2.851063829787234
3.7422680412371134
4.350515463917525
3.610526315789474
2.8947368421052633
4.473118279569892
3.5053763440860215
4.294736842105263
4.020833333333333
4.810526315789474
3.734042553191489
3.033707865168539
4.48936170212766
3.6
4.155555555555556
4.197916666666667
4.488888888888889
4.6
4.48936170212766
4.225806451612903
4.275510204081633
3.758241758241758
3.863157894736842
3.78125
4.494623655913978
3.7628865979381443
4.150537634408602
3.9239130434782608
3.442105263157895
3.4791666666666665
4.842105263157895
2.7263157894736842
4.223404255319149
3.526315789473684
3.909090909090909
3.9
3.5376344086021505
4.15625
4.0989010989010985
4.370786516853933
3.814432989690722
4.381443298969073
4.086956521739131
3.772727272727273
3.6451612903225805
4.520833333333333
3.857142857142857
4.24468085106383
4.042105263157895
3.63265306122449
3.532608695652174
3.933333333333333
3.7362637362637363
3.977777777777778
3.6881720430107525
3.3820224719101124
4.225806451612903
3.5434782608695654
4.586956521739131
4.353535353535354
4.181818181818182
3.6881720430107525
3.4526315789473685
3.0
3.4947368421052634
4.555555555555555
3.912087912087912
3.711340206185567
2.979591836734694
4.387096774193548
3.902173913043478
4.5
4.030927835051546
