0.36
0.27
0.36
0.19
0.38
0.2
0.31
0.16
0.38
0.3
0.36
0.29
0.29
0.22
0.19
0.18
0.36
0.3
0.27
0.32
0.24
0.14
0.14
0.15
0.2
0.22
0.23
0.22
0.12
0.18
0.14
0.15
0.3
0.2
0.26
0.14
0.17
0.13
0.13
0.16
0.2
0.22
0.14
0.11
0.23
0.13
0.16
0.1
0.2
0.23
0.17
0.28
0.21
0.15
0.2
0.1
0.21
0.14
0.22
0.17
0.12
0.2
0.18
0.09
0.17
0.23
0.1
0.14
0.19
0.1
0.1
0.11
0.09
0.19
0.2
0.1
0.12
0.11
0.1
0.1
0.1
0.24
0.07
0.1
0.1
0.16
0.16
0.15
0.07
0.2
0.09
0.06
0.18
0.08
0.12
0.13
0.11
0.17
0.12
0.15
0.09
0.25
0.11
0.08
0.11
0.09
0.15
0.13
0.21
0.06
0.08
0.12
0.2
0.1
0.11
0.1
0.21
0.11
0.21
0.14
0.09
0.13
0.12
0.13
0.14
0.16
0.13
0.06
0.08
0.2
0.09
0.07
0.16
0.07
0.07
0.04
0.12
0.18
0.15
0.15
0.23
0.13
0.09
0.11
0.1
0.07
0.12
0.07
0.13
0.1
0.07
0.13
0.12
0.09
0.07
0.16
0.15
0.08
0.15
0.06
0.15
0.1
0.14
0.09
0.19
0.15
0.13
0.07
0.11
0.05
0.12
0.15
0.12
0.12
0.06
0.08
0.11
0.11
0.09
0.07
0.11
0.07
0.06
0.06
0.14
0.21
0.03
0.05
0.12
0.06
0.09
0.12
0.11
0.14
0.09
0.09
0.11
0.05
0.07
0.12
0.12
0.12
0.12
0.12
0.09
0.11
0.09
0.13
0.08
0.09
0.1
0.17
0.12
0.08
0.08
0.05
0.12
0.12
0.04
0.1
0.14
0.01
0.09
0.09
0.15
0.1
0.1
0.09
0.06
0.13
0.12
0.13
0.07
0.08
0.07
0.1
0.11
0.06
0.08
0.08
0.23
0.07
0.06
0.05
0.11
0.07
0.05
0.12
0.07
0.11
0.08
0.07
0.12
0.06
0.05
0.06
0.05
0.06
0.05
0.07
0.11
0.1
0.07
0.08
0.18
0.16
0.05
0.09
0.08
0.05
0.06
0.12
0.11
0.08
0.08
0.09
0.06
0.1
0.1
0.12
0.09
0.07
0.09
0.11
0.18
0.12
0.06
0.06
0.06
0.05
0.06
0.1
0.08
0.1
0.06
0.05
0.07
0.1
0.09
0.11
0.07
0.09
0.06
0.06
0.13
0.03
0.13
0.11
0.06
0.06
0.09
0.08
0.05
0.09
0.12
0.12
0.05
0.03
0.05
0.03
0.08
0.08
0.08
0.1
0.16
0.04
0.08
0.11
0.09
0.07
0.06
0.06
0.07
0.11
0.07
0.11
0.09
0.03
0.09
0.1
0.11
0.03
0.1
0.07
0.08
0.08
0.09
0.1
0.08
0.08
0.09
0.05
0.04
0.1
0.04
0.07
0.05
0.09
0.02
0.07
0.16
0.05
0.08
0.05
0.04
0.06
0.11
0.02
0.09
0.12
0.08
0.1
0.03
0.09
0.05
0.1
0.01
0.07
0.03
0.07
0.09
0.12
0.07
0.03
0.07
0.11
0.06
0.1
0.08
0.06
0.08
0.08
0.07
0.2
0.05
0.11
0.11
0.1
0.1
0.12
0.07
0.03
0.08
0.15
0.02
0.11
0.09
0.04
0.15
0.04
0.12
0.07
0.05
0.1
0.04
0.09
0.14
0.04
0.12
0.05
0.02
0.03
0.05
0.12
0.09
0.07
0.08
0.07
0.06
0.06
0.04
0.09
0.06
0.08
0.04
0.07
0.07
0.11
0.05
0.05
0.11
0.07
0.03
0.09
0.04
0.07
0.01
0.06
0.07
0.1
0.07
0.13
0.08
0.06
0.03
0.07
0.12
0.08
0.04
0.06
0.08
0.03
0.1
0.06
0.1
0.03
0.13
0.09
0.06
0.08
0.07
0.09
0.06
0.06
0.05
0.1
0.01
0.05
0.07
0.2
0.03
0.08
0.01
0.07
0.06
0.08
0.05
0.12
0.02
0.05
0.09
0.05
0.07
0.14
0.03
0.07
0.05
0.06
0.06
0.06
0.09
0.12
0.06
0.06
0.12
0.1
0.09
0.08
0.08
0.1
0.06
0.08
0.09
0.06
0.03
0.04
0.06
0.02
0.08
0.1
0.03
0.02
0.03
0.04
0.08
0.11
0.07
0.06
0.07
0.07
0.04
0.11
0.07
0.05
0.07
0.07
0.05
0.08
0.14
0.07
0.06
0.07
0.06
0.02
0.05
0.08
0.03
0.04
0.09
0.04
0.06
0.09
0.08
0.04
0.03
0.06
0.07
0.05
0.05
0.06
0.08
0.06
0.04
0.08
0.04
0.11
0.05
0.04
0.08
0.09
0.14
0.01
0.06
0.01
0.05
0.03
0.08
0.09
0.08
0.03
0.05
0.04
0.08
0.05
0.05
0.07
0.07
0.1
0.05
0.07
0.13
0.07
0.04
0.08
0.03
0.06
0.06
0.1
0.03
0.02
0.07
0.05
0.08
0.08
0.14
0.06
0.05
0.04
0.05
0.13
0.05
0.06
0.05
0.1
0.04
0.03
0.05
0.03
0.02
0.07
0.1
0.09
0.04
0.07
0.06
0.08
0.07
0.09
0.08
0.03
0.05
0.07
0.05
0.11
0.02
0.07
0.06
0.02
0.08
0.05
0.07
0.04
0.05
0.05
0.1
0.04
0.11
0.09
0.07
0.09
0.08
0.06
0.05
0.07
0.09
0.04
0.06
0.07
0.05
0.05
0.04
0.11
0.07
0.05
0.01
0.02
0.07
0.07
0.08
0.06
0.07
0.1
0.07
0.02
0.18
0.06
0.03
0.07
0.04
0.05
0.04
0.06
0.07
0.04
0.07
0.04
0.07
0.12
0.05
0.1
0.04
0.12
0.12
0.09
0.02
0.07
0.09
0.05
0.09
0.06
0.06
0.06
0.04
0.03
0.05
0.03
0.03
0.04
0.07
0.04
0.12
0.01
0.06
0.07
0.04
0.03
0.05
0.07
0.06
0.04
0.02
0.04
0.16
0.07
0.07
0.01
0.08
0.05
0.02
0.14
0.12
0.08
0.07
0.08
0.02
0.05
0.07
0.06
0.03
0.03
0.13
0.05
0.09
0.08
0.03
0.01
0.05
0.03
0.04
0.08
0.11
0.04
0.08
0.03
0.06
0.04
0.09
0.03
0.05
0.01
0.08
0.05
0.02
0.06
0.07
0.04
0.01
0.1
0.02
0.07
0.04
0.04
0.11
0.07
0.05
0.09
0.01
0.01
0.06
0.09
0.05
0.02
0.04
0.05
0.04
0.09
0.07
0.05
0.06
0.05
0.04
0.2
0.05
0.06
0.01
0.05
0.04
0.05
0.08
0.09
0.03
0.01
0.06
0.13
0.11
0.04
0.03
0.07
0.01
0.06
0.07
0.02
0.05
0.03
0.02
0.07
0.07
0.06
0.05
0.06
0.06
0.1
0.05
0.08
0.12
0.07
0.01
0.05
0.09
0.06
0.08
0.09
0.05
0.02
0.04
0.04
0.1
0.11
0.06
0.05
0.07
0.04
0.04
0.05
0.07
0.05
0.05
0.11
0.07
0.08
0.1
0.03
0.08
0.06
0.13
0.02
0.07
0.08
0.08
0.01
0.03
0.06
0.03
0.13
0.08
0.09
0.06
0.1
0.03
0.07
0.02
0.02
0.1
0.03
0.04
0.09
0.06
0.06
0.06
0.02
0.02
0.06
0.02
0.05
0.03
0.01
0.07
0.03
0.04
0.1
0.07
0.05
0.01
0.06
0.08
0.07
0.09
0.03
0.07
0.05
0.04
0.04
0.08
0.04
0.07
0.04
0.05
0.06
0.09
0.01
0
0.01
0.04
0.07
0.07
0.02
0.04
0.02
0.06
0.09
0.02
0.09
0.1
0.05
0.05
0.06
0.05
0.06
0.04
0.02
0.05
0.09
0.03
0.1
0.02
0.03
0.04
0.08
0.09
0.02
0.03
0.05
0.07
0.03
0.05
0.03
0.02
0.07
0.09
0.04
0.05
0.06
0.06
0.04
0.05
0.05
0.08
0.04
0.07
0.03
0.07
0.04
0.02
0.05
0.03
0.01
0.01
0.03
0.02
0.05
0.05
0.09
0.05
0.04
0.01
0.05
0.09
0.04
0.04
0.03
0.02
0.07
0.06
0.07
0.03
0.03
0.07
0.06
0.09
0.1
0.08
0.08
0.04
0.01
0.04
1.0
1.0
1.0
1.0
0.04

6.777777777777778
9.185185185185185
7.333333333333333
8.210526315789474
6.578947368421052
8.25
7.612903225806452
9.3125
6.0
8.933333333333334
5.833333333333333
9.275862068965518
8.03448275862069
6.363636363636363
7.684210526315789
8.944444444444445
7.722222222222222
8.2
9.555555555555555
7.09375
9.375
6.071428571428571
8.071428571428571
8.6
7.85
7.863636363636363
9.782608695652174
9.181818181818182
6.083333333333333
9.444444444444445
8.785714285714286
7.466666666666667
8.866666666666667
9.2
8.0
8.928571428571429
9.235294117647058
5.846153846153846
8.23076923076923
8.75
8.2
10.363636363636363
8.5
8.909090909090908
8.608695652173912
6.923076923076923
9.3125
8.2
9.1
8.869565217391305
10.0
8.5
9.0
10.866666666666667
8.15
11.6
10.428571428571429
7.857142857142857
8.409090909090908
8.0
7.333333333333333
8.75
9.61111111111111
9.666666666666666
9.176470588235293
9.826086956521738
10.5
9.928571428571429
8.68421052631579
10.8
8.4
10.363636363636363
9.555555555555555
8.263157894736842
10.1
9.9
12.083333333333334
12.636363636363637
9.9
6.9
9.7
7.458333333333333
9.714285714285714
9.1
9.5
7.3125
10.6875
8.4
9.857142857142858
10.05
8.333333333333334
13.666666666666666
5.888888888888889
6.25
6.666666666666667
9.615384615384615
7.636363636363637
9.176470588235293
7.416666666666667
7.8
9.555555555555555
5.36
11.181818181818182
11.25
8.909090909090908
10.0
9.133333333333333
10.153846153846153
7.523809523809524
7.0
8.75
10.083333333333334
7.05
6.8
9.272727272727273
10.3
6.761904761904762
7.636363636363637
9.761904761904763
8.571428571428571
7.888888888888889
8.076923076923077
8.75
7.846153846153846
8.785714285714286
8.4375
9.538461538461538
10.0
9.375
9.7
10.0
8.0
8.1875
9.571428571428571
12.285714285714286
7.0
9.0
9.055555555555555
8.6
9.133333333333333
5.869565217391305
8.76923076923077
11.333333333333334
6.454545454545454
8.6
9.428571428571429
7.5
9.285714285714286
11.076923076923077
12.5
11.142857142857142
11.076923076923077
7.25
11.88888888888889
12.714285714285714
9.8125
9.666666666666666
8.0
9.266666666666667
7.666666666666667
3.4
12.5
10.0
10.333333333333334
10.31578947368421
6.933333333333334
7.6923076923076925
7.0
8.727272727272727
8.2
6.916666666666667
5.4
7.916666666666667
8.75
11.166666666666666
12.375
9.909090909090908
8.727272727272727
9.222222222222221
10.857142857142858
8.636363636363637
7.285714285714286
11.333333333333334
10.666666666666666
9.428571428571429
5.428571428571429
10.666666666666666
7.2
8.833333333333334
7.666666666666667
12.0
10.0
10.818181818181818
5.428571428571429
6.444444444444445
9.555555555555555
10.545454545454545
9.8
12.142857142857142
9.416666666666666
9.416666666666666
11.75
8.75
7.333333333333333
9.222222222222221
10.454545454545455
9.444444444444445
9.23076923076923
7.5
9.222222222222221
10.4
3.176470588235294
9.5
7.5
7.625
11.8
9.666666666666666
10.583333333333334
9.25
7.9
10.857142857142858
8.0
8.11111111111111
7.0
7.866666666666666
7.1
8.8
8.333333333333334
14.0
8.076923076923077
8.083333333333334
8.461538461538462
9.857142857142858
9.5
9.285714285714286
10.8
10.727272727272727
9.5
10.0
10.0
4.565217391304348
7.285714285714286
9.5
15.0
10.272727272727273
10.857142857142858
5.8
8.5
14.428571428571429
10.818181818181818
9.875
7.0
8.25
8.833333333333334
10.0
11.5
9.8
11.666666666666666
11.0
9.428571428571429
10.272727272727273
11.5
14.571428571428571
7.0
7.388888888888889
8.375
8.0
10.222222222222221
11.625
16.6
7.833333333333333
11.5
7.818181818181818
11.125
9.875
10.11111111111111
7.666666666666667
7.7
7.0
9.083333333333334
9.11111111111111
9.428571428571429
9.666666666666666
9.818181818181818
7.333333333333333
8.083333333333334
8.5
7.5
8.333333333333334
9.4
11.666666666666666
5.0
7.875
8.7
9.833333333333334
7.6
7.0
8.9
9.666666666666666
8.727272727272727
9.285714285714286
7.333333333333333
10.166666666666666
8.0
8.461538461538462
10.333333333333334
7.846153846153846
7.545454545454546
5.833333333333333
11.5
7.888888888888889
8.625
11.0
9.88888888888889
6.166666666666667
10.75
8.4
12.333333333333334
9.8
7.0
7.875
10.75
8.375
8.5
9.875
10.0
11.375
8.818181818181818
7.777777777777778
6.428571428571429
10.5
12.333333333333334
7.285714285714286
8.909090909090908
9.714285714285714
9.818181818181818
10.555555555555555
8.333333333333334
7.888888888888889
9.1
10.0
11.666666666666666
8.4
10.285714285714286
8.875
12.75
9.555555555555555
6.4
9.875
8.0
9.0
11.4
14.5
11.7
7.25
7.571428571428571
8.6
10.0
13.0
10.857142857142858
7.9375
10.0
13.0
9.0
9.0
5.5
9.0
8.0
9.666666666666666
10.5
8.75
10.6
11.333333333333334
7.444444444444445
11.4
7.1
6.0
6.0
10.0
11.285714285714286
11.444444444444445
8.75
10.428571428571429
15.333333333333334
8.285714285714286
7.636363636363637
6.166666666666667
8.4
9.25
8.333333333333334
8.0
8.625
11.285714285714286
4.1
8.0
9.363636363636363
7.818181818181818
9.1
7.2
7.0
8.142857142857142
11.333333333333334
9.375
7.466666666666667
11.5
10.727272727272727
7.444444444444445
10.25
8.733333333333333
8.0
6.166666666666667
7.142857142857143
8.6
8.4
7.5
4.888888888888889
7.928571428571429
9.75
6.916666666666667
11.0
10.5
10.333333333333334
10.8
8.75
7.888888888888889
11.428571428571429
11.25
9.142857142857142
11.0
6.166666666666667
7.25
9.777777777777779
9.5
6.5
8.25
12.285714285714286
9.857142857142858
9.454545454545455
10.0
9.8
10.272727272727273
8.571428571428571
8.666666666666666
5.333333333333333
8.75
7.428571428571429
11.0
11.666666666666666
10.0
8.2
7.857142857142857
10.0
10.25
11.5
7.0
12.0
9.25
9.375
15.0
8.5
6.625
9.666666666666666
9.7
10.0
9.1
5.666666666666667
12.076923076923077
8.555555555555555
7.333333333333333
13.25
10.857142857142858
10.666666666666666
8.666666666666666
10.666666666666666
8.6
9.2
13.0
11.8
11.285714285714286
3.8
8.666666666666666
7.5
3.0
7.571428571428571
9.833333333333334
9.25
6.2
11.166666666666666
6.5
11.6
8.222222222222221
12.8
10.285714285714286
7.785714285714286
6.666666666666667
10.714285714285714
9.0
8.166666666666666
9.5
9.0
10.333333333333334
9.333333333333334
8.166666666666666
9.166666666666666
9.416666666666666
9.4
9.666666666666666
8.25
8.125
8.2
9.5
8.875
9.555555555555555
8.666666666666666
10.0
10.25
11.333333333333334
12.5
9.125
7.8
14.333333333333334
10.5
9.0
8.75
12.25
8.363636363636363
8.0
7.666666666666667
9.142857142857142
13.571428571428571
11.25
9.272727272727273
9.857142857142858
9.0
8.428571428571429
9.714285714285714
8.4
8.0
9.785714285714286
9.0
7.166666666666667
10.571428571428571
8.833333333333334
7.0
11.4
10.0
10.666666666666666
8.25
10.333333333333334
7.5
8.166666666666666
7.333333333333333
8.5
12.25
8.333333333333334
8.333333333333334
8.428571428571429
7.6
7.8
8.333333333333334
11.0
5.166666666666667
9.0
10.25
11.75
8.909090909090908
9.8
11.5
10.625
10.333333333333334
10.571428571428571
6.0
5.333333333333333
14.0
9.2
15.333333333333334
11.125
7.222222222222222
9.5
9.0
12.0
6.5
8.75
9.4
7.8
12.857142857142858
8.142857142857142
10.6
9.2
10.857142857142858
8.692307692307692
10.0
6.25
6.875
8.333333333333334
10.166666666666666
8.833333333333334
10.2
11.333333333333334
9.5
7.857142857142857
7.4
10.375
7.875
8.785714285714286
10.833333333333334
10.4
11.25
10.4
9.23076923076923
8.2
12.666666666666666
8.6
11.6
5.5
9.666666666666666
9.6
9.666666666666666
12.5
10.571428571428571
12.6
10.666666666666666
8.0
9.571428571428571
9.0
8.125
10.285714285714286
8.222222222222221
11.0
11.333333333333334
8.2
7.142857142857143
9.6
9.545454545454545
11.0
10.142857142857142
9.333333333333334
7.0
11.125
9.0
7.714285714285714
7.75
7.6
6.8
12.0
5.75
6.636363636363637
7.666666666666667
9.285714285714286
10.777777777777779
10.625
8.833333333333334
6.8
7.0
7.111111111111111
11.0
10.0
14.142857142857142
6.8
11.6
13.25
7.909090909090909
6.714285714285714
14.0
10.0
14.5
6.0
7.0
10.25
9.166666666666666
10.428571428571429
9.3
9.428571428571429
12.5
5.944444444444445
13.5
8.333333333333334
6.857142857142857
15.25
9.4
8.25
9.833333333333334
10.857142857142858
10.25
8.857142857142858
13.0
9.571428571428571
8.083333333333334
9.0
9.3
7.25
9.75
8.916666666666666
11.444444444444445
17.5
11.428571428571429
14.777777777777779
6.8
8.11111111111111
9.666666666666666
8.333333333333334
8.666666666666666
9.25
8.333333333333334
11.6
11.0
11.666666666666666
11.25
7.714285714285714
7.75
7.75
7.0
8.333333333333334
7.857142857142857
6.5
6.666666666666667
10.6
8.142857142857142
6.666666666666667
8.75
7.5
10.25
10.875
10.142857142857142
10.285714285714286
8.0
8.625
9.6
12.0
7.714285714285714
6.833333333333333
8.0
7.285714285714286
7.625
10.5
9.4
10.285714285714286
7.333333333333333
4.333333333333333
14.666666666666666
11.0
6.0
11.222222222222221
10.125
9.666666666666666
8.0
8.4
10.0
8.0
9.125
9.818181818181818
9.75
9.375
11.333333333333334
12.833333333333334
4.25
11.444444444444445
6.0
9.6
7.0
9.5
10.2
11.5
10.166666666666666
12.0
13.0
8.0
10.3
9.0
11.0
10.5
9.5
2.0
8.571428571428571
15.4
9.222222222222221
7.0
8.0
7.833333333333333
8.222222222222221
9.4
12.0
8.25
11.0
8.75
10.0
7.714285714285714
11.2
14.666666666666666
8.0
7.5
7.35
10.0
9.0
8.0
11.0
7.75
7.2
7.75
6.777777777777778
12.0
9.0
7.0
7.6923076923076925
10.090909090909092
12.25
9.0
11.0
12.0
8.833333333333334
9.428571428571429
6.0
6.6
11.666666666666666
9.0
11.142857142857142
8.142857142857142
10.666666666666666
8.6
9.833333333333334
11.0
8.9
8.0
9.875
9.0
11.142857142857142
9.0
11.6
10.444444444444445
11.0
9.625
8.777777777777779
8.8
15.0
7.25
10.5
8.9
8.818181818181818
10.166666666666666
10.8
7.0
11.25
14.75
10.2
8.428571428571429
8.6
10.0
8.454545454545455
5.428571428571429
8.125
6.7
8.666666666666666
7.375
8.666666666666666
9.538461538461538
16.5
11.428571428571429
8.75
9.5
13.0
10.0
11.5
6.333333333333333
9.692307692307692
8.125
6.444444444444445
10.0
10.6
10.0
7.428571428571429
10.0
7.0
9.3
9.666666666666666
10.5
12.222222222222221
10.166666666666666
7.5
8.833333333333334
15.5
9.5
11.0
4.0
8.6
10.333333333333334
23.0
11.285714285714286
11.333333333333334
9.25
8.2
7.571428571428571
10.4
13.0
6.666666666666667
8.125
8.571428571428571
9.444444444444445
11.666666666666666
11.857142857142858
9.8
9.5
9.25
9.25
11.75
13.857142857142858
9.75
6.0
9.666666666666666
9.444444444444445
6.0
0
6.0
12.25
11.0
9.428571428571429
10.0
9.25
9.5
11.833333333333334
11.0
10.5
6.777777777777778
10.7
7.2
6.6
7.166666666666667
9.8
7.5
12.5
10.5
8.2
6.333333333333333
11.0
8.5
12.5
6.0
18.25
8.875
7.666666666666667
12.0
9.333333333333334
8.6
8.285714285714286
18.0
8.4
7.666666666666667
12.5
10.714285714285714
6.666666666666667
12.25
13.2
11.0
10.166666666666666
12.25
8.8
5.8
11.625
9.75
7.428571428571429
10.0
7.571428571428571
6.5
9.5
7.0
9.333333333333334
9.0
8.0
11.0
9.0
6.4
10.2
9.11111111111111
11.0
9.25
8.0
7.8
9.555555555555555
9.0
10.75
10.0
8.5
8.285714285714286
8.5
8.0
6.0
5.666666666666667
8.714285714285714
7.166666666666667
9.88888888888889
8.4
10.375
10.25
11.0
13.0
11.25
1.0
1.0
1.0
1.0
15.25
