1.0
1.0
1.0
1.0
1.0
1.0
1.0
1.0
1.0
1.0
1.0
1.0
1.0
1.0
1.0
1.0
1.0
1.0
1.0
1.0
1.0
1.0
1.0
1.0
1.0
1.0
1.0
1.0
1.0
1.0
0.99
1.0
1.0
1.0
1.0
1.0
1.0
1.0
1.0
1.0
1.0
1.0
1.0
1.0
1.0
1.0
1.0
0.99
1.0
1.0
1.0
1.0
1.0
1.0
1.0
1.0
1.0
1.0
1.0
1.0
0.99
1.0
1.0
1.0
1.0
1.0
0.99
1.0
1.0
0.99
1.0
0.99
1.0
1.0
1.0
0.99
1.0
1.0
1.0
1.0
1.0
1.0
0.99
0.97
1.0
1.0
1.0
1.0
1.0
1.0
1.0
1.0
1.0
0.95
1.0
1.0
1.0
1.0
1.0
1.0
0.97
1.0
1.0
0.98
1.0
1.0
1.0
1.0
1.0
0.97
0.99
0.98
1.0
1.0
0.99
1.0
1.0
1.0
1.0
1.0
1.0
1.0
1.0
1.0
1.0
1.0
1.0
1.0
0.99
1.0
1.0
0.99
1.0
1.0
0.98
0.98
1.0
1.0
1.0
1.0
1.0
0.99
1.0
0.99
1.0
1.0
1.0
0.99
1.0
1.0
0.99
1.0
1.0
1.0
0.98
1.0
1.0
1.0
1.0
1.0
1.0
1.0
0.99
1.0
1.0
0.99
1.0
0.99
1.0
0.95
0.99
1.0
0.98
1.0
0.97
1.0
1.0
1.0
1.0
0.98
1.0
0.98
0.98
0.97
1.0
1.0
0.96
0.99
1.0
0.97
1.0
0.99
1.0
1.0
0.99
1.0
1.0
0.99
0.99
0.97
1.0
1.0
1.0
0.99
1.0
0.99
0.99
1.0
1.0
0.98
1.0
0.98
0.98
0.96
0.99
0.94
0.99
1.0
1.0
0.94
0.96
0.99
0.96
0.98
1.0
1.0
0.99
1.0
0.98
1.0
0.99
0.91
1.0
1.0
1.0
1.0
1.0
1.0
1.0
1.0
1.0
1.0
0.98
0.99
1.0
1.0
1.0
1.0
1.0
1.0
1.0
0.97
0.98
0.96
0.92
0.99
1.0
1.0
1.0
1.0
1.0
1.0
1.0
0.98
1.0
1.0
1.0
0.95
0.99
1.0
0.95
1.0
1.0
0.98
0.95
0.99
0.99
0.97
0.98
0.99
0.98
0.98
0.99
0.99
1.0
1.0
0.94
0.98
0.99
0.98
1.0
0.96
1.0
1.0
1.0
0.99
1.0
0.96
1.0
1.0
0.97
1.0
0.96
0.96
1.0
1.0
1.0
0.99
0.98
1.0
0.96
1.0
0.98
1.0
1.0
1.0
0.99
0.96
0.91
0.98
1.0
0.97
1.0
0.99
1.0
1.0
0.97
1.0
1.0
1.0
0.99
1.0
1.0
1.0
0.96
0.98
0.96
0.98
0.99
0.99
1.0
1.0
0.94
0.99
0.98
1.0
1.0
1.0
0.95
0.97
0.95
0.99
0.92
0.99
0.99
0.97
0.92
1.0
0.99
0.94
1.0
0.93
0.98
0.96
0.96
0.99
0.95
0.98
0.95
1.0
0.99
0.96
0.96
0.99
0.92
0.95
0.99
0.98
1.0
0.96
0.99
1.0
0.91
0.96
1.0
1.0
0.94
0.92
0.99
0.96
1.0
0.91
0.98
1.0
1.0
0.93
0.99
0.97
0.98
0.93
1.0
0.98
1.0
0.99
0.98
0.99
1.0
0.95
0.99
1.0
0.94
0.93
0.94
0.97
0.9
1.0
0.99
0.99
0.97
0.93
0.98
0.96
0.98
1.0
0.99
0.99
0.99
0.98
1.0
0.95
0.97
0.98
0.98
0.94
0.94
0.94
0.95
0.97
1.0
0.94
1.0
0.99
0.97
0.96
0.95
1.0
0.94
0.95
0.98
0.97
0.97
0.99
1.0
0.91
0.95
0.99
0.93
0.96
0.97
0.93
1.0
0.94
0.98
0.93
1.0
0.96
1.0
0.99
0.99
0.97
0.97
0.97
0.94
0.97
0.96
0.98
0.92
0.97
0.97
0.98
0.96
0.99
0.96
1.0
0.97
0.99
0.96
0.97
1.0
0.99
0.94
0.99
0.97
1.0
0.98
0.91
1.0
0.96
0.96
0.97
0.98
0.98
1.0
0.97
1.0
0.97
1.0
0.94
0.99
0.95
0.99
1.0
0.98
0.91
0.95
1.0
0.98
0.92
0.96
0.95
0.91
0.96
0.96
0.98
0.98
0.91
1.0
0.98
0.98
0.99
1.0
0.99
0.93
0.88
0.96
0.94
0.94
0.98
0.99
0.99
0.98
0.96
1.0
0.91
1.0
0.98
0.9
0.98
1.0
0.99
0.95
0.99
0.97
0.96
0.97
0.99
0.93
0.99
0.96
1.0
0.97
0.96
0.95
0.96
0.95
1.0
0.97
0.97
0.97
1.0
0.96
0.98
0.9
0.9
0.96
0.99
1.0
0.9
0.93
0.97
0.97
0.98
0.98
0.92
0.89
0.96
0.97
0.95
1.0
0.94
0.93
0.9
0.95
0.94
0.96
0.94
0.97
0.95
0.96
0.96
0.99
0.97
0.97
0.99
0.95
0.94
0.94
0.94
1.0
0.97
0.92
0.95
0.94
0.87
0.88
0.98
0.98
0.99
0.94
0.98
0.98
0.98
0.98
0.95
0.97
0.95
0.98
0.98
0.94
1.0
1.0
0.93
0.98
0.97
0.93
0.98
0.97
0.98
0.96
0.95
0.92
0.98
0.93
0.99
0.99
0.99
0.94
0.96
0.97
0.98
0.88
0.95
0.95
0.96
0.92
0.96
0.93
0.97
0.95
0.94
0.89
0.93
0.92
0.97
0.97
0.91
0.93
0.97
0.96
0.95
0.93
0.98
0.93
0.96
0.95
0.98
0.93
0.9
0.97
0.94
0.96
0.99
0.92
0.9
1.0
0.9
0.92
0.95
0.96
0.93
0.96
0.99
0.98
0.92
0.99
0.93
0.96
0.95
1.0
0.98
0.97
0.97
0.9
0.99
0.94
0.92
1.0
0.95
0.98
1.0
0.99
0.92
0.98
0.92
0.99
0.95
0.96
0.96
0.92
0.97
0.97
0.95
0.97
0.91
0.96
0.98
0.99
0.92
0.96
0.99
0.91
0.97
1.0
0.97
0.89
0.93
0.94
0.96
0.93
0.97
0.95
0.95
0.98
0.95
0.95
0.95
0.92
0.95
0.92
0.92
0.94
0.93
0.96
0.93
0.89
0.86
0.99
0.86
0.94
0.91
0.97
0.96
0.96
0.93
1.0
0.9
0.94
0.99
0.97
0.89
0.92
0.92
0.95
0.96
0.95
0.96
0.97
0.9
0.97
0.98
0.97
0.97
0.98
0.94
0.89
0.89
0.88
0.94
0.95
0.96
0.98
0.94
0.94
0.96
0.95
0.98
0.98
0.95
0.94
0.96
0.96
0.98
0.95
0.96
0.94
0.93
0.95
0.93
0.95
0.96
0.95
0.88
0.87
0.9
0.96
0.96
0.94
0.92
0.91
0.98
0.94
0.95
0.98
0.96
0.98
0.96
0.95
0.89
0.97
0.95
0.93
0.96
0.94
0.97
0.93
0.89
0.95
0.92
0.89
0.94
0.95
1.0
0.89
0.98
0.94
0.97
0.95
0.88
0.95
0.9
0.96
0.95
0.98
0.93
0.93
0.9
0.94
0.95
0.93
0.94
0.91
0.9
0.92
0.9
0.88
0.94
0.99
0.99
0.94
0.95
0.9
0.94
0.91
0.95
0.94
0.95
0.94
0.91
0.93
0.96
0.93
0.96
0.98
0.98
0.9
0.94
0.93
0.93
0.96
0.96
0.94
0.93
0.94
0.93
0.93
0.97
0.96
0.94
0.93
0.96
0.94
0.92
0.97
0.93
0.93
0.91
0.94
0.94
0.92
0.92
0.94
0.91
0.95
0.95
0.93
0.91
0.96
0.91
0.93
0.95
0.88
0.96
0.96
0.94
0.93
0.94
0.96
0.92
0.95
0.91
0.93
0.95
0.93
0.94
0.92
0.96
0.9
0.93
0.99
0.9
0.96
0.95
0.95
0.93
0.96
0.93
0.9
0.93
0.97
0.99
0.93
0.92
0.95
0.92
0.93
0.93
0.98
0.88
0.95
0.93
0.98
0.96
0.97
0.89
0.93
0.89
0.93
0.98
0.92
0.91
0.97
0.96
0.9
0.95
0.96
0.95
0.92
0.92
0.95
0.91
0.96
0.96
0.97
0.95
0.93
0.93
0.96
0.95
0.97
0.95
0.95
0.91
0.94
0.95
0.96
1.0
1.0
1.0
1.0
0.92

3.07
4.11
3.63
4.18
3.36
4.17
3.55
4.29
2.7
3.58
2.81
3.82
3.32
3.63
3.89
4.01
3.48
3.66
3.84
3.72
4.12
3.84
3.94
3.9
3.55
3.91
3.9
4.19
3.96
4.22
4.454545454545454
4.29
3.81
4.07
4.18
3.81
3.88
4.04
4.17
4.12
4.3
4.13
3.86
4.03
3.83
4.07
4.41
4.171717171717172
3.97
4.41
4.29
3.43
4.05
4.35
3.88
4.13
4.25
4.49
4.25
4.41
4.171717171717172
4.11
4.08
4.66
4.08
3.7
4.565656565656566
4.34
3.67
4.818181818181818
4.66
4.626262626262626
3.93
3.73
3.8
4.525252525252525
4.53
4.79
4.55
3.84
4.57
3.64
4.242424242424242
4.175257731958763
4.47
4.09
4.21
4.13
4.86
4.08
4.68
4.52
3.88
3.905263157894737
4.15
4.19
4.37
4.3
4.45
4.03
4.690721649484536
3.23
4.69
4.73469387755102
4.82
4.37
4.07
4.06
3.94
4.11340206185567
4.929292929292929
4.76530612244898
4.01
4.49
4.565656565656566
4.07
3.97
4.19
4.01
4.12
4.11
3.7
4.48
4.27
4.04
3.85
4.54
4.37
4.141414141414141
4.66
4.69
4.292929292929293
4.26
4.91
4.8979591836734695
4.744897959183674
4.58
4.26
4.52
4.3
3.2
4.252525252525253
4.44
4.161616161616162
4.58
4.55
3.79
4.494949494949495
4.46
4.25
4.555555555555555
4.31
4.27
4.53
4.663265306122449
4.5
4.58
3.95
4.57
4.84
3.4
4.21
3.9797979797979797
4.76
4.68
4.656565656565657
4.1
4.696969696969697
4.35
4.6
4.5353535353535355
3.06
4.122448979591836
4.84
4.731958762886598
4.79
4.18
4.58
4.42
4.8061224489795915
4.4
4.755102040816326
4.816326530612245
4.77319587628866
4.08
3.17
5.09375
4.9393939393939394
4.19
4.11340206185567
4.52
4.686868686868687
4.47
3.09
4.232323232323233
3.92
4.79
4.585858585858586
5.03030303030303
4.422680412371134
4.46
4.78
4.68
4.606060606060606
4.45
4.565656565656566
4.565656565656566
4.8
4.15
3.7551020408163267
3.96
2.9081632653061225
4.520408163265306
4.21875
4.474747474747475
5.042553191489362
4.626262626262626
4.35
5.08
4.351063829787234
4.604166666666667
5.121212121212121
4.864583333333333
4.255102040816326
4.38
4.35
4.616161616161616
4.07
4.826530612244898
4.54
4.202020202020202
4.043956043956044
4.2
4.98
4.76
5.01
4.58
4.34
4.41
4.74
3.19
4.86
5.244897959183674
4.828282828282828
4.47
4.77
3.96
4.1
4.63
4.37
5.12
4.597938144329897
4.622448979591836
4.15625
5.065217391304348
5.0606060606060606
4.65
4.11
4.74
4.47
4.7
4.84
4.57
4.785714285714286
3.69
4.32
4.73
4.6947368421052635
4.747474747474747
4.94
5.2
4.56
4.53
4.428571428571429
4.242105263157895
4.797979797979798
4.636363636363637
4.268041237113402
4.255102040816326
4.434343434343434
4.73469387755102
4.540816326530612
4.424242424242424
4.747474747474747
4.46
4.47
4.48936170212766
4.428571428571429
4.202020202020202
5.275510204081633
4.64
3.8125
4.65
4.18
4.56
4.555555555555555
4.81
4.895833333333333
4.73
4.85
4.195876288659794
4.28
4.166666666666667
4.708333333333333
3.96
5.05
4.14
4.3232323232323235
4.030612244897959
4.54
4.802083333333333
4.96
4.73469387755102
4.66
4.17
4.66
4.888888888888889
5.3125
4.9010989010989015
4.948979591836735
4.13
5.072164948453608
4.31
4.343434343434343
4.63
4.93
4.65979381443299
4.42
4.58
4.43
4.787878787878788
4.19
4.65
4.81
4.96875
4.755102040816326
4.760416666666667
4.6938775510204085
5.01010101010101
4.525252525252525
3.91
5.26
4.9787234042553195
4.747474747474747
4.459183673469388
4.16
4.82
4.15
4.947368421052632
4.77319587628866
4.768421052631579
4.96969696969697
4.206521739130435
4.767676767676767
4.292929292929293
5.216494845360825
4.934782608695652
4.48
5.383838383838384
4.914893617021277
4.06
4.741935483870968
5.163265306122449
4.822916666666667
4.947916666666667
4.626262626262626
4.831578947368421
5.561224489795919
4.905263157894737
4.81
4.717171717171717
4.71875
4.71875
4.373737373737374
5.119565217391305
4.178947368421053
5.01010101010101
4.3061224489795915
4.4
5.1875
4.848484848484849
4.57
5.351648351648351
4.65625
4.82
3.92
4.627659574468085
4.815217391304348
4.757575757575758
4.947916666666667
4.27
4.2967032967032965
5.061224489795919
3.16
4.71
4.279569892473118
3.9494949494949494
4.690721649484536
4.3061224489795915
3.989247311827957
4.56
5.061224489795919
4.61
4.313131313131313
4.795918367346939
4.313131313131313
4.21
4.273684210526316
4.292929292929293
4.85
4.159574468085107
4.290322580645161
5.372340425531915
4.195876288659794
5.055555555555555
3.66
4.737373737373737
5.181818181818182
3.9278350515463916
4.870967741935484
4.928571428571429
4.489583333333333
5.091836734693878
4.51
4.797979797979798
5.0606060606060606
4.9393939393939394
4.795918367346939
4.61
4.968421052631579
5.134020618556701
4.448979591836735
4.316326530612245
4.808510638297872
5.276595744680851
4.787234042553192
5.08421052631579
4.824742268041237
4.89
4.73404255319149
4.66
4.181818181818182
5.134020618556701
4.0
4.505263157894737
5.09
5.0212765957446805
4.757894736842105
4.653061224489796
4.876288659793815
4.948453608247423
4.444444444444445
4.96
5.0989010989010985
4.326315789473684
4.959595959595959
4.408602150537634
4.3125
5.164948453608248
4.645161290322581
4.73
4.9787234042553195
4.887755102040816
5.268817204301075
4.74
4.947916666666667
3.92
4.959595959595959
4.121212121212121
5.0
5.144329896907217
4.65979381443299
4.819148936170213
4.948453608247423
4.708333333333333
4.255102040816326
5.119565217391305
4.731958762886598
4.711340206185567
3.36734693877551
5.03125
4.777777777777778
4.65625
4.52
5.22680412371134
4.747474747474747
4.34375
4.979381443298969
4.98
4.363636363636363
4.872340425531915
4.828282828282828
4.278350515463917
4.59
4.755102040816326
4.967032967032967
4.53
4.770833333333333
4.90625
4.958762886597938
4.122448979591836
4.285714285714286
4.95
4.278350515463917
4.35
4.463917525773196
5.06
4.0638297872340425
4.797979797979798
4.968421052631579
4.373737373737374
4.28
4.714285714285714
4.934065934065934
5.2631578947368425
5.04
4.520408163265306
4.782608695652174
4.53125
4.252631578947368
4.934065934065934
4.96875
5.0625
4.510204081632653
4.683673469387755
4.549450549450549
4.8
4.479591836734694
4.153061224489796
4.898989898989899
5.29
4.909090909090909
4.526881720430108
4.715909090909091
4.78125
4.25531914893617
4.925531914893617
5.091836734693878
4.515151515151516
4.454545454545454
4.142857142857143
5.260416666666667
4.74
4.956043956043956
4.7
5.051020408163265
5.155555555555556
5.1020408163265305
5.21
4.838383838383838
4.821052631578947
4.373737373737374
4.484536082474227
4.958333333333333
4.783505154639175
4.787878787878788
4.021505376344086
4.5353535353535355
4.645833333333333
4.95
4.793814432989691
4.25
4.368421052631579
4.927083333333333
5.3052631578947365
4.46
4.948453608247423
5.216494845360825
5.154639175257732
4.11
4.989583333333333
5.010204081632653
4.877777777777778
5.3
4.71875
5.181818181818182
4.69
4.377777777777778
4.946236559139785
4.65979381443299
4.639175257731959
4.081632653061225
5.0
5.032608695652174
4.820224719101123
5.09375
4.350515463917525
4.6947368421052635
5.3
4.542553191489362
5.247311827956989
4.788888888888889
5.126315789473685
4.287234042553192
5.666666666666667
4.276595744680851
5.051546391752577
4.947368421052632
4.697916666666667
5.385416666666667
4.777777777777778
4.814432989690721
4.546391752577319
4.7272727272727275
4.221052631578948
4.095744680851064
4.5
5.01063829787234
4.39
4.649484536082475
4.891304347826087
4.926315789473684
4.5
4.67816091954023
4.6477272727272725
5.551020408163265
5.489795918367347
4.646464646464646
5.361702127659575
5.204081632653061
4.836734693877551
3.9081632653061225
4.8061224489795915
4.810526315789474
4.896907216494846
4.978947368421053
5.23469387755102
4.591836734693878
5.042553191489362
4.82
4.89
4.698924731182796
4.86734693877551
5.041237113402062
5.247311827956989
4.969387755102041
4.917525773195877
4.755102040816326
5.28125
4.5473684210526315
4.717391304347826
4.408163265306122
4.150537634408602
4.777777777777778
4.909090909090909
4.191919191919192
4.276595744680851
4.916666666666667
5.22680412371134
4.387755102040816
4.113636363636363
4.926315789473684
4.863157894736842
4.072916666666667
4.673913043478261
4.375
4.935483870967742
5.061855670103093
4.389473684210526
4.925531914893617
4.865168539325842
4.78494623655914
4.391304347826087
4.907216494845361
5.041237113402062
5.131868131868132
4.731182795698925
4.835051546391752
5.083333333333333
5.136842105263158
4.795698924731183
4.3061224489795915
4.591397849462366
5.28125
3.8105263157894735
4.86734693877551
5.268817204301075
4.8
5.0
4.872340425531915
5.239583333333333
4.797979797979798
4.804347826086956
4.788888888888889
4.93
5.411111111111111
4.815217391304348
4.768421052631579
4.875
4.602150537634409
4.770833333333333
5.070707070707071
4.714285714285714
4.6521739130434785
5.0606060606060606
4.365591397849462
4.729166666666667
4.431578947368421
4.52
4.846938775510204
4.907216494845361
4.711340206185567
5.144444444444445
4.98989898989899
4.904255319148936
5.358695652173913
4.73
5.105263157894737
4.581632653061225
4.54
4.555555555555555
5.456521739130435
4.86734693877551
5.119565217391305
5.141414141414141
4.894736842105263
5.114583333333333
4.895833333333333
4.967391304347826
4.88659793814433
5.030927835051546
5.2
4.309278350515464
4.571428571428571
5.083333333333333
5.1938775510204085
4.4646464646464645
5.108695652173913
5.21875
4.111111111111111
4.417582417582418
4.381443298969073
4.93
4.793814432989691
4.52808988764045
4.752688172043011
4.5638297872340425
4.854166666666667
4.387096774193548
4.917525773195877
4.336842105263158
4.336842105263158
5.040816326530612
4.378947368421053
5.494736842105263
5.073684210526316
4.217391304347826
5.08421052631579
5.010869565217392
4.478260869565218
5.042553191489362
5.043010752688172
4.75
4.870967741935484
4.741573033707865
4.453488372093023
4.222222222222222
5.0813953488372094
4.957446808510638
4.934065934065934
4.783505154639175
4.708333333333333
5.15625
4.559139784946237
4.76
5.055555555555555
5.159574468085107
5.222222222222222
4.77319587628866
5.157303370786517
5.434782608695652
5.184782608695652
3.5157894736842104
5.197916666666667
5.484210526315789
4.510416666666667
4.989690721649485
5.022222222222222
5.154639175257732
4.795918367346939
5.061855670103093
4.989690721649485
5.071428571428571
4.542553191489362
4.651685393258427
4.898876404494382
4.045454545454546
5.042553191489362
5.189473684210526
4.96875
5.112244897959184
3.5531914893617023
5.127659574468085
4.635416666666667
5.242105263157895
4.408163265306122
4.642857142857143
5.021052631578947
4.73404255319149
4.166666666666667
5.15625
5.040816326530612
4.610526315789474
4.229166666666667
4.840425531914893
5.193548387096774
4.494736842105263
4.602150537634409
4.978947368421053
4.458333333333333
5.526315789473684
4.704545454545454
4.862068965517241
5.355555555555555
5.104166666666667
4.96875
4.819148936170213
5.043478260869565
4.648351648351649
4.551020408163265
4.712765957446808
5.073684210526316
4.775510204081633
4.916666666666667
4.928571428571429
4.59375
5.4
5.01123595505618
4.556701030927835
4.821052631578947
4.827956989247312
4.21875
5.25531914893617
4.649484536082475
5.0
5.191011235955056
4.947368421052632
5.032608695652174
5.078651685393258
4.776595744680851
4.810526315789474
4.74
5.573033707865169
5.204081632653061
4.276595744680851
4.835051546391752
4.631578947368421
4.136363636363637
4.821052631578947
5.0777777777777775
4.291666666666667
5.126315789473685
4.683673469387755
4.365591397849462
4.473118279569892
5.044444444444444
4.776595744680851
4.473684210526316
4.989247311827957
5.074468085106383
4.8791208791208796
4.466666666666667
4.793478260869565
4.233333333333333
4.670454545454546
4.351063829787234
4.929292929292929
4.898989898989899
5.574468085106383
4.7368421052631575
5.544444444444444
4.9361702127659575
4.087912087912088
5.010526315789473
5.797872340425532
4.88421052631579
4.968085106382978
4.956043956043956
5.161290322580645
5.03125
5.247311827956989
4.96875
4.908163265306122
4.8979591836734695
4.2555555555555555
5.031914893617022
4.67741935483871
5.387096774193548
4.520833333333333
4.375
5.0638297872340425
4.258064516129032
4.797872340425532
4.655913978494624
4.172043010752688
5.061855670103093
4.979166666666667
5.053191489361702
4.419354838709677
4.864583333333333
5.0
4.989130434782608
4.938144329896907
4.225806451612903
4.698924731182796
5.054945054945055
4.670212765957447
4.5638297872340425
4.565217391304348
5.010869565217392
5.648936170212766
5.362637362637362
4.7894736842105265
5.294736842105263
4.731182795698925
5.164835164835165
5.135416666666667
5.076923076923077
5.053763440860215
4.494736842105263
5.034090909090909
4.28125
4.6875
5.0
4.516129032258065
4.51063829787234
4.59375
4.260869565217392
4.852631578947369
5.153846153846154
4.806451612903226
4.2105263157894735
4.967741935483871
4.553191489361702
5.695652173913044
4.96875
5.366666666666666
4.913978494623656
4.4646464646464645
5.433333333333334
4.979166666666667
4.947368421052632
5.431578947368421
5.548387096774194
5.21875
5.32258064516129
5.222222222222222
5.333333333333333
4.824742268041237
5.1313131313131315
4.956989247311828
5.282608695652174
4.8
5.434782608695652
4.817204301075269
4.548387096774194
4.530612244897959
5.579545454545454
4.242105263157895
5.0
4.612244897959184
4.9375
5.278350515463917
4.865168539325842
5.290322580645161
4.887640449438202
4.89247311827957
5.051020408163265
5.108695652173913
4.450549450549451
4.484536082474227
4.8125
5.366666666666666
4.726315789473684
4.604166666666667
4.947368421052632
4.717391304347826
4.554347826086956
4.873684210526315
5.2967032967032965
4.90625
5.083333333333333
4.556701030927835
5.136842105263158
4.236559139784946
5.010752688172043
4.21875
5.3052631578947365
4.577319587628866
4.557894736842106
4.063157894736842
4.923076923076923
5.3936170212765955
4.978947368421053
4.875
1.0
1.0
1.0
1.0
4.760869565217392
