3000
5
0,29964,32504,1354
1,9515,11976,25
2,22794,22798,94
3,10402,11945,622
4,16704,17322,2946
5,24810,25251,1157
6,309,2414,2893
7,27914,28027,2605
8,24348,28153,816
9,4981,37673,2672
10,21970,128552,1910
11,21251,36789,1647
12,946,45907,1833
13,16310,23429,1620
14,26025,82789,1625
15,24544,47432,2297
16,9175,17267,876
17,5804,150932,2079
18,3511,3826,1236
19,9117,10887,2083
20,2904,4324,3
21,11346,40400,1227
22,5009,67446,2491
23,12955,14859,2267
24,27777,34784,2440
25,4,1443,519
26,3044,3245,709
27,15669,16094,1925
28,27178,596100,2888
29,10062,16753,149
30,23617,46491,2250
31,14741,87379,2238
32,14591,27829,882
33,16108,22332,446
34,7871,31218,2211
35,26989,60416,367
36,12451,14047,247
37,6822,12164,1200
38,18907,48918,1752
39,14856,16652,35
40,5879,10648,748
41,14610,14997,1459
42,9060,27470,2365
43,5757,8392919,1372
44,27017,211585,664
45,14791,19251,1705
46,17363,20471,24
47,19216,51438,2054
48,196,285829,2338
49,2391,2824,1197
50,26272,27751,759
51,12790,2711958,2875
52,12198,13215,2140
53,26610,64688,2150
54,11787,18448,2522
55,7868,20848,2471
56,4059,8043,1014
57,1563,2248,89
58,27813,42599,2484
59,3763,6815,1113
60,12189,18567,1909
61,8671,17097,2193
62,201,1115,2412
63,18777,426423,994
64,4180,50410,968
65,26684,27498,2090
66,29354,30840,324
67,7644,13093,2085
68,24285,32583,1854
69,7063,40411,2156
70,8778,19513,2400
71,14450,19201,1829
72,6930,10272,1552
73,26302,35137,543
74,28270,30279,2374
75,1584,5413,2386
76,11403,12594,2682
77,29431,41768,400
78,26141,31781,491
79,24907,28053,344
80,1543,20612,1246
81,11864,15294,1979
82,18408,41915,2090
83,10717,79843,2433
84,10213,24395,1953
85,9012,11175,1107
86,23282,65458,2129
87,20106,22134,2662
88,19164,32742,830
89,6559,29144,1924
90,11753,13049,2637
91,12844,85415,831
92,20471,20904,2195
93,19504,20301,251
94,11313,14121,1481
95,5978,6070,1128
96,24127,28987,288
97,1847,9146,2751
98,7747,58078,732
99,29407,34047,1574
100,27203,60599,1874
101,21737,23053,813
102,3990,4295,2102
103,24116,27030,53
104,22779,29786,432
105,22245,33086,206
106,26155,28495,2567
107,7613,138775,1244
108,22293,56370,1711
109,20101,31684,807
110,24746,43854,1928
111,20705,23633,1540
112,5322,11856,442
113,7139,11962,836
114,22690,36785,1138
115,14894,15409,1643
116,4740,21498,2085
117,20883,37452,1907
118,21846,22668,2542
119,26285,36653,2346
120,9416,14734,2348
121,16580,63284,1397
122,3058,3112,245
123,18449,100641,1823
124,7281,7620,1612
125,25976,63035,345
126,16744,123547,2547
127,3994,8097,1306
128,13785,122612,2759
129,8815,17580,857
130,7609,32797,1152
131,14807,16118,1268
132,18667,29687,1653
133,14639,51848,1705
134,13499,14078,658
135,24308,32306,2649
136,4242,6025,464
137,12774,57520,973
138,16246,16568,948
139,1807,2317,658
140,19552,22044,1557
141,20182,93502,1269
142,8008,26598,2798
143,23221,24422,5
144,24120,33000,2398
145,29916,335923,2731
146,3642,6693,2067
147,7842,92591,498
148,11021,56808,2596
149,25461,28610,611
150,2046,46387,1078
151,15860,17253,1321
152,21178,22363,2893
153,28265,38811,1590
154,7214,7615,1215
155,23931,26447,1688
156,7318,20245,1689
157,6701,14844,1151
158,14844,17996,1353
159,11417,69532,2633
160,13216,89556,417
161,16452,23075,333
162,10268,11931,46
163,12116,37649,2563
164,14631,20117,1688
165,5815,7019,848
166,20462,40706,2640
167,3198,4909,2431
168,13240,48779,1270
169,26614,42747,590
170,8846,41818,2244
171,15478,17118,2063
172,8731,22881,2726
173,8040,8811,1609
174,19791,276337,2218
175,4755,2117668,2744
176,17017,21369,2803
177,11400,27453,1342
178,9401,10130,2613
179,27023,88952,2225
180,16477,17390,2185
181,28497,28871,956
182,29873,85167,1042
183,27003,28264,1894
184,5629,5845,2814
185,10773,18534,1994
186,9306,24206,522
187,26110,27308,948
188,22417,26463,523
189,10634,12358,1666
190,15344,17526,360
191,6459,7382,641
192,20411,21388,1713
193,1051,21663,2459
194,22424,31733,861
195,8656,14085,896
196,27301,29303,578
197,26713,186731,642
198,6382,59130,947
199,29934,32382,1279
200,21456,24510,652
201,16980,22677,2081
202,2198,3080,2081
203,7361,37723,511
204,26880,36390,1712
205,273,27787,2338
206,4627,5766,496
207,19973,23127,1104
208,10353,11509,1749
209,5744,7398,1626
210,19934,40888,738
211,22976,34724,1787
212,19993,37127,2528
213,6215,56866,2891
214,21100,23314,1867
215,3945,4126,2144
216,4983,5390,1380
217,12891,13773,60
218,11213,18719,272
219,2302,9533,61
220,23712,23859,1340
221,6602,28441,2960
222,4447,6248,1341
223,1272,45494,2546
224,2134,2871,103
225,9677,10250,1905
226,14947,89600,2367
227,24998,65080,2380
228,19985,20838,2440
229,24258,36344,837
230,24634,29324,893
231,10757,25799,1554
232,20601,22095,1868
233,4275,5672,2243
234,26669,30279,2575
235,23984,252644,2373
236,910,1677,1810
237,13140,17135,2664
238,2993,19406,511
239,29754,56905,1289
240,6886,13467,1937
241,3625,7666,640
242,8815,12191,969
243,22446,25276,2439
244,25696,32454,2365
245,21406,190949,389
246,2019,4191,606
247,8530,9320,484
248,3509,3650,1740
249,20302,25789,2085
250,5481,11978,2739
251,29544,61373,838
252,4557,23974,1556
253,9347,21526,1778
254,29089,29715,300
255,4575,97041,645
256,20670,39499,370
257,25203,25707,1663
258,16029,23072,2560
259,26641,31762,2291
260,2324,4449,704
261,12857,14148,1956
262,12427,20902,1243
263,6558,11549,1069
264,1435,4739,2713
265,28327,65954,2579
266,7066,10336,1514
267,4847,5773,699
268,20353,106629,1230
269,20505,50817,798
270,3884,4228,2545
271,6681,11888,1389
272,13566,16268,2143
273,14717,20696,161
274,8403,8545,2222
275,18045,55414,1554
276,7918,22274,23
277,22682,23118,1855
278,28692,30181,899
279,16589,19604,2489
280,1128,122009,2453
281,17037,24741,158
282,23654,24270,166
283,1631,2036,2757
284,12774,15050,121
285,15768,58858,2309
286,18326,44077,1896
287,13002,14656,2780
288,26859,206204,2996
289,6655,278442,270
290,10109,25265,1955
291,25550,31765,2201
292,20760,20956,312
293,1871,4906,1986
294,27345,27370,708
295,1290,9522,2100
296,18912,21396,2357
297,4251,279023,1706
298,7544,9587,2264
299,21905,112504,1646
300,8036,13891,873
301,8554,28650,2949
302,27542,30469,733
303,27833,105211,1093
304,6321,9154,110
305,29234,32595,2432
306,25993,30243,2776
307,2758,4689,620
308,14525,15111,2668
309,29174,34526,2316
310,19707,112846,2764
311,15331,19206,2220
312,4677,88290,239
313,18540,24718,2014
314,10583,870305,628
315,15588,26933,1491
316,1657,5752,1118
317,10470,11809,1498
318,27352,109797,963
319,11011,14270,1407
320,12421,18279,2256
321,28847,30982,2064
322,22875,33252,2633
323,26003,46449,2398
324,22438,60248,294
325,16615,864480,1642
326,12068,18648,2750
327,29007,30981,1802
328,27749,33201,2703
329,14863,16269,2249
330,3603,5067,400
331,24367,27502,2769
332,15486,15548,2569
333,24179,59911,1330
334,18391,25116,1404
335,24256,30701,563
336,9364,10457,13
337,12256,884846,987
338,28388,93256,2272
339,2920,3573,587
340,18434,37036,760
341,3290,4003,2793
342,3583,9328,2881
343,163,328118,608
344,10135,43868,32
345,169,3173,1395
346,13801,14901,2686
347,27635,46009,746
348,26394,60477,25
349,10948,16906,833
350,24506,598658,2664
351,2086,7892,152
352,17910,18755,2983
353,6404,54061,1037
354,24170,30237,795
355,7579,12097,346
356,12545,14732,1526
357,17415,20065,2823
358,29663,37254,4
359,11589,21112,1253
360,7077,19248,1628
361,9482,23682,901
362,11664,12369,175
363,13765,15604,2361
364,3329,3574,2078
365,28342,44740,2544
366,20296,22233,116
367,16556,18145,2843
368,1816,43775,168
369,4610,19727,2104
370,15769,65936,1256
371,12592,34336,1641
372,2089,3067,329
373,25738,26286,406
374,9492,26200,80
375,6184,3422871,1462
376,13267,13605,1332
377,16359,16377,484
378,10596,10741,1629
379,22669,25727,1521
380,22965,31052,1229
381,27248,180858,1202
382,16357,17104,954
383,4354,4658,682
384,11760,14834,2234
385,327,3002,1075
386,14665,16201,596
387,4228,12775,2771
388,18007,19838,475
389,4026,349843,1558
390,3752,6124,2349
391,22776,43643,1654
392,11557,155012,2906
393,16854,16932,852
394,20246,26329,2920
395,14579,27135,503
396,20798,6470459,290
397,23960,43997,365
398,25136,25613,2215
399,16201,33629,1370
400,17886,22789,1534
401,21200,172060,436
402,20411,38644,2778
403,9365,27910,909
404,20541,23705,2542
405,6688,22671,268
406,27476,209212,2310
407,26121,28435,957
408,5429,11243,1423
409,27597,31299,2428
410,11212,17675,173
411,3743,4996,1087
412,18567,49511,683
413,22724,22941,2148
414,574,35383,452
415,19010,20347,1203
416,2122,3539,1531
417,5679,7574,20
418,7773,9583,185
419,16055,19616,1568
420,1508,21598,299
421,23377,30848,1922
422,11915,18551,700
423,7366,10883,1673
424,23879,24349,849
425,7983,18942,2439
426,7940,26939,266
427,16851,105010,560
428,11617,17498,2628
429,28178,29857,1821
430,18335,51221,2727
431,14357,43649,168
432,2829,4810,2120
433,14274,41471,1129
434,8039,23708,1371
435,23012,874905,643
436,11790,14198,781
437,24848,43149,1954
438,17844,23134,96
439,12533,16063,1141
440,23662,33742,94
441,2136,38956,1685
442,22230,22840,388
443,27174,27845,844
444,9624,23878,2057
445,24217,24410,611
446,20561,27348,1162
447,15422,18318,1884
448,648,104449,63
449,27179,80819,2183
450,29965,30549,2286
451,9529,10931,1231
452,5934,70921,1940
453,19719,23557,1127
454,29212,31820,871
455,19135,19449,2254
456,22272,22403,825
457,17172,31730,24
458,29960,30648,2548
459,7977,8810,1283
460,9892,10870,1309
461,27811,48567,2118
462,5525,6273,1656
463,6720,457276,2328
464,26350,46308,295
465,16223,37835,875
466,7805,259313,2819
467,3087,6031,1100
468,14980,17071,493
469,27786,30314,760
470,10876,18648,850
471,12408,19934,2232
472,512,3343,2515
473,24991,27215,865
474,27162,558819,1201
475,24077,25311,302
476,8005,45914,662
477,10170,195683,1125
478,26053,38600,2759
479,5613,31303,2200
480,15832,20025,2799
481,2643,4115,1209
482,10989,26616,495
483,6659,8326,1652
484,4102,4240,505
485,6287,9210,1589
486,1249,2903,1461
487,1788,7555,1453
488,24923,27078,2492
489,2855,203336,2470
490,24436,186462,1492
491,842,2519,1251
492,15168,15517,1123
493,18458,18777,1761
494,12866,43449,1249
495,20714,59782,128
496,26391,30991,2116
497,4040,17020,1879
498,28556,29025,1060
499,20243,159908,2452
500,22635,34204,372
501,2147,4262,463
502,8987,9346,2572
503,18103,20023,2938
504,8226,21195,1593
505,4354,43818,1866
506,5684,8902,862
507,29937,66553,619
508,19299,131326,644
509,2152,3676,1042
510,2676,9150,1460
511,29377,410593,1006
512,14049,27850,1309
513,10089,38487,2754
514,614,3390,1275
515,335,2969,1607
516,16876,17743,1664
517,22155,59832,1423
518,18200,31334,2661
519,29083,31187,623
520,1063,8539,917
521,1722,9773,401
522,8516,1442874,1823
523,19366,57751,2533
524,16646,38895,1702
525,13299,15258,720
526,18380,57032,665
527,12769,15245,357
528,28773,56655,2035
529,12710,63123,1783
530,23868,24533,1832
531,1616,8346,36
532,8299,25069,2723
533,18739,19028,2528
534,17428,28349,2419
535,11261,19399,110
536,3711,34119,1664
537,25322,26081,982
538,18704,83517,1031
539,17293,169031,2349
540,25609,25743,1555
541,14820,22817,1713
542,6903,10016,2955
543,20449,54379,1220
544,14956,116989,1739
545,21286,82913,2791
546,2674,13458,2624
547,11761,18714,2025
548,20259,45325,1552
549,13666,76583,1494
550,8501,8843,1672
551,14742,86322,2994
552,3114,5381,2808
553,9085,52411,1341
554,7669,20697,170
555,13334,13747,2158
556,20359,33266,327
557,1176,2306,2404
558,15440,16149,747
559,6256,8227,533
560,27693,50020,1089
561,16140,18156,2026
562,22692,24453,2875
563,3617,14275,2968
564,24576,170177,1026
565,29585,30390,1266
566,20546,51854,623
567,14497,18594,2980
568,19036,26379,2541
569,14687,49791,1279
570,11129,12141,59
571,496,2174,2814
572,5289,10590,1490
573,13559,14158,2138
574,21951,25981,103
575,16777,20102,224
576,14507,34743,796
577,21063,72106,2073
578,28209,32928,1049
579,7447,13354,926
580,5034,56314,2480
581,22790,578619,1637
582,25977,127540,2276
583,27192,31902,195
584,277,18614,927
585,14414,119121,2934
586,1542,10083,1200
587,6767,13625,48
588,26506,39054,2984
589,2812,4988,1923
590,314,393,479
591,13822,199833,2216
592,2612,5974,2512
593,17749,22813,2445
594,9618,18169,1357
595,25903,35933,1508
596,18784,25097,1236
597,4071,14149,1308
598,317,917,248
599,6808,22082,1675
600,8966,40106,1656
601,4928,5498,1177
602,11484,15150,1502
603,28525,28780,2901
604,4941,5449,313
605,17765,39914,660
606,20815,57252,327
607,7247,8188,2810
608,15098,18207,1705
609,26763,156918,318
610,24543,27894,793
611,20053,20281,626
612,16093,523908,1505
613,1857,7769,856
614,13427,15544,1371
615,18264,25303,625
616,23908,386400,43
617,15625,19923,1309
618,24222,28236,2584
619,21502,23850,2552
620,18820,84712,752
621,12961,18705,447
622,20517,34797,1253
623,7635,31140,2690
624,11639,47719,2215
625,3536,19370,606
626,5305,27316,755
627,8369,10912,2419
628,7608,12015,285
629,26408,26835,2660
630,216,248,407
631,16708,21743,1573
632,29811,30478,2021
633,3039,4461,1173
634,14619,186161,1540
635,26126,34719,201
636,5072,45616,639
637,23152,24561,1985
638,9793,27394,2545
639,9224,9740,1990
640,4081,8004,2723
641,25170,25377,643
642,6921,91630,47
643,1305,4486,1368
644,3321,3576,2766
645,27799,27861,1139
646,19109,19553,1613
647,21049,43531,1593
648,8269,8374,1549
649,3723,4050,727
650,14293,29624,1343
651,29785,1326256,1240
652,24543,65437,895
653,28839,33383,498
654,7328,14187,638
655,28073,36393,2264
656,8929,9999,804
657,26330,27400,1868
658,3846,4688,2970
659,12196,13141,1996
660,2493,37121,783
661,23303,76581,603
662,16464,19113,1172
663,1256,11425,1388
664,12920,14882,1298
665,6558,6912,1507
666,13695,25860,2156
667,7971,40317,1482
668,18488,35844,585
669,29097,30523,1019
670,11580,23139,2855
671,29772,30090,567
672,7418,9633,153
673,287,4674,1044
674,25247,25332,2689
675,14870,15529,355
676,6190,3157566,2373
677,24478,402488,2488
678,3582,17141,2967
679,17781,17806,168
680,9461,14526,547
681,22131,71493,1175
682,13364,17551,1197
683,959,5191,782
684,2219,20673,27
685,4176,4574,2301
686,18352,23594,1418
687,7683,259903,1347
688,14351,51121,1202
689,22845,32145,2251
690,22482,23030,1937
691,21315,27914,1568
692,12248,40222,2481
693,2580,256619,69
694,19046,234119,2213
695,22899,33372,1889
696,18792,21701,1982
697,10139,30535,1147
698,2541,3425,871
699,11261,18889,299
700,22311,83441,2434
701,11748,14455,1654
702,18487,129496,1098
703,25907,60563,2288
704,2942,28752,2005
705,13432,14558,857
706,36,4669,815
707,1252,16070,2348
708,16859,28142,1204
709,22334,22471,2271
710,15551,46908,2796
711,1978,2409,798
712,12117,16852,2266
713,2924,12793,2612
714,22158,25268,2961
715,26023,33812,2687
716,10893,11758,2254
717,27174,28562,1773
718,16205,17679,2634
719,2067,984845,281
720,7227,80720,1870
721,17371,85770,838
722,29112,471943,2703
723,17920,18060,1787
724,7625,8334,2300
725,5752,17799,347
726,4175,19867,1839
727,8217,11646,212
728,24502,27598,1488
729,16827,30561,2986
730,18619,23085,1459
731,3039,93906,2345
732,328,20315,1128
733,15383,22124,279
734,10825,44654,2225
735,26483,38676,2032
736,26792,26887,124
737,1614,55902,2578
738,14581,16488,1023
739,10152,30354,1815
740,11324,16745,996
741,640,60048,1184
742,16887,17217,2243
743,13594,284482,1574
744,6588,19211,451
745,530,15589,882
746,3194,4325,2319
747,10354,58651,721
748,24927,42333,2863
749,1104,1232,1427
750,23614,96499,2013
751,9532,14561,2755
752,17276,26834,249
753,21268,31514,1236
754,5850,11947,117
755,7590,52213,2907
756,4007,8530,2356
757,12565,26515,1059
758,14272,14580,2609
759,29270,30608,281
760,3998,15074,1284
761,656,1600,891
762,11679,13003,2786
763,12995,14759,570
764,2675,14362,314
765,23946,68744,496
766,8372,8550,1253
767,1255,105795,1335
768,22254,28683,175
769,9190,15639,2106
770,10948,15252,2723
771,22849,32541,651
772,7957,24709,2978
773,27112,28055,2115
774,28267,28993,2161
775,15952,19678,2954
776,26109,196408,888
777,3690,13349,519
778,24803,25950,2678
779,26521,30729,1303
780,27516,38205,1245
781,25022,174247,1545
782,8279,10039,1866
783,22632,23082,2630
784,8817,18416,1930
785,22796,51825,2940
786,12350,17511,1630
787,15296,17772,2881
788,5688,11420,1028
789,14667,58683,2496
790,3862,4439,1346
791,8458,9637,592
792,27372,88551,911
793,22206,22608,533
794,9120,11902,1049
795,12100,23914,2729
796,6258,174257,503
797,24662,24894,1731
798,3312,5739,1927
799,1333,9281,2507
800,11321,12749,2765
801,2056,2812,1072
802,12921,13360,2293
803,11506,50727,2183
804,2205,2773,504
805,3898,159859,1836
806,15627,43519,943
807,15620,15904,204
808,3698,38612,1165
809,23480,27153,2076
810,17426,20664,185
811,11240,11865,1702
812,1029,1936,1982
813,26356,27459,370
814,7938,9785,2116
815,8332,12323,1469
816,1107,11362,2855
817,27301,32621,709
818,25976,26151,2184
819,7678,22246,2287
820,12151,13413,194
821,4032,35971,160
822,4347,10006,2055
823,27996,235341,2578
824,16708,21408,1289
825,5333,5707,943
826,8324,45767,2453
827,29107,31154,1529
828,10385,242011,889
829,2459,173497,655
830,7481,226530,596
831,27950,28412,1529
832,29740,120959,403
833,1749,2146,1950
834,26001,27364,670
835,20843,441160,1661
836,13531,14015,728
837,7813,8344,202
838,13326,30720,1786
839,437,8170,2147
840,26815,29873,156
841,22815,24797,2291
842,18618,32465,2045
843,12142,26635,1024
844,14607,20777,2530
845,2496,40410,2465
846,27090,27312,2325
847,19062,46539,1773
848,17904,28524,184
849,791,81626,2305
850,28339,2336566,2514
851,7611,24185,1227
852,17658,19460,2134
853,23568,25505,174
854,12049,18986,1745
855,16696,17434,2368
856,21929,22012,516
857,29599,38032,331
858,25951,31163,613
859,14095,72676,1442
860,23186,76350,2025
861,1352,3757,1261
862,3825,74442,869
863,20509,530883,1443
864,24124,551323,2520
865,28782,46858,870
866,18970,19566,2113
867,6162,17660,2016
868,5672,33876,887
869,23603,3329894,782
870,27094,30801,555
871,143,10985,2601
872,7393,15228,300
873,20615,20705,2305
874,29305,38976,1073
875,15280,16881,1521
876,4306,4831,2129
877,668,1817,1764
878,19152,370496,1252
879,21690,21781,852
880,16925,18365,2541
881,4154,21415,1130
882,5753,7022,2877
883,12635,51518,2807
884,18833,19366,2330
885,8637,13223,1947
886,10734,151875,51
887,6296,189835,2167
888,23908,101126,2024
889,28275,34751,2017
890,5064,29742,426
891,27715,38772,1701
892,1320,92287,2534
893,26578,31784,2175
894,11323,11905,2083
895,16842,17858,1823
896,7714,27386,1691
897,17252,33567,1852
898,18742,71112,1498
899,1131,29070,705
900,16715,18714,1401
901,7756,10598,73
902,7503,1887062,2875
903,17876,18634,2354
904,22752,156347,1040
905,7324,8798,248
906,8284,8530,142
907,12084,15108,1762
908,2481,42352,1334
909,23867,31582,669
910,29568,47699,694
911,26673,28058,2462
912,9962,110170,1047
913,20222,41852,1312
914,18249,53215,782
915,4366,48322,1788
916,17809,17860,1191
917,20285,20516,1466
918,20498,146740,1226
919,8510,9347,373
920,18710,27551,1203
921,21654,28392,1532
922,12351,13901,1398
923,1829,19395,686
924,4085,20943,608
925,13066,5899008,931
926,12478,54425,1977
927,26956,67006,510
928,2299,15052,2074
929,1054,3061,1073
930,23248,24368,215
931,1399,1560,2690
932,2967,3363,1035
933,7899,66761,2489
934,7492,8934,2925
935,6121,150001,2416
936,19008,27881,1573
937,6605,8101,22
938,18092,19326,1491
939,29967,34577,2698
940,29024,30547,283
941,4032,4317,2910
942,28561,29367,1624
943,6832,22275,1755
944,5469,79415,1712
945,28917,32040,559
946,25638,29291,1843
947,23028,23701,1668
948,11687,11989,712
949,16013,17104,730
950,22362,32314,2598
951,2533,39258,1756
952,469,29674,2869
953,121,2086,2494
954,29214,31600,102
955,29321,30391,2455
956,24535,25490,2488
957,22648,45535,1980
958,18208,67968,2139
959,28395,30665,1734
960,3874,32077,483
961,28773,41143,2336
962,13739,15293,2879
963,24087,24144,406
964,8436,10927,2724
965,12566,14441,1338
966,11621,22646,2382
967,7539,25402,2419
968,27945,31537,33
969,13964,14208,733
970,19781,19817,2744
971,8778,15647,619
972,13707,117742,2738
973,6936,7145,293
974,7896,12435,1383
975,4326,5354,27
976,24465,27576,2382
977,22550,99800,2026
978,22646,25824,858
979,27234,35758,1661
980,70,132219,1054
981,7706,797356,104
982,11947,23718,804
983,28382,40934,1483
984,7303,18577,1863
985,20403,269064,988
986,6748,29965,947
987,28103,29501,78
988,17839,30129,1473
989,1199,4042,1357
990,19711,69109,292
991,13493,64076,2948
992,17190,17786,1796
993,11990,12561,2883
994,3680,5025,1268
995,14515,17810,2479
996,2532,112712,1662
997,17106,23754,2018
998,26474,31364,2141
999,10409,16921,1395
1000,14933,14954,735
1001,27668,27858,47
1002,18373,79234,1225
1003,23209,31271,2529
1004,26045,37290,34
1005,26818,26964,741
1006,12326,29501,1474
1007,8480,15114,1227
1008,18046,27100,547
1009,8272,16500,1298
1010,9480,10862,973
1011,9802,30441,1402
1012,4910,14876,2293
1013,17895,37637,681
1014,3570,6671,710
1015,14094,18612,1129
1016,16713,27287,333
1017,24819,31104,1778
1018,13277,24675,1359
1019,7068,89036,2454
1020,17954,18782,113
1021,19119,24038,2608
1022,25961,28445,455
1023,8530,11593,734
1024,4174,26175,2139
1025,4862,12957,2945
1026,22725,43242,2679
1027,3550,11335,2132
1028,8035,8267,1658
1029,16542,23702,1177
1030,17354,64610,2704
1031,10143,17439,1372
1032,11300,21269,1327
1033,12743,13631,633
1034,21681,62129,553
1035,8983,20905,2709
1036,15750,132166,1192
1037,12787,43664,2549
1038,26089,31299,1016
1039,15380,40124,928
1040,26529,79159,1742
1041,2472,7960,2786
1042,19870,29220,647
1043,11641,18027,864
1044,21360,38997,1707
1045,4970,22451,1615
1046,4393,10892,198
1047,24334,52504,1319
1048,27263,27795,2603
1049,17918,18781,3
1050,15944,21305,513
1051,20151,21145,2352
1052,16316,26578,1715
1053,16216,17468,644
1054,16568,21000,292
1055,15067,22468,1316
1056,21496,23300,2362
1057,181,1348,1673
1058,23322,46325,128
1059,14425,19034,2181
1060,21363,40356,2381
1061,27405,29224,2238
1062,16700,89070,1851
1063,9991,10518,638
1064,17462,50351,2448
1065,20207,21756,426
1066,29067,791161,2932
1067,29959,31475,617
1068,18590,21419,1671
1069,29131,75655,510
1070,4543,7045,2662
1071,20219,20633,456
1072,64,39682,1869
1073,9021,9908,1917
1074,1265,26498,2407
1075,17676,32695,2774
1076,24040,28458,1711
1077,24617,24751,528
1078,18278,103601,2183
1079,25039,25508,1061
1080,27920,31115,571
1081,9463,11415,1070
1082,6582,11478,2857
1083,19338,44893,1967
1084,6592,11066,1909
1085,11867,173450,2387
1086,14200,89533,1790
1087,13192,42789,524
1088,4328,6978,1260
1089,19665,19951,412
1090,1213,3865,1720
1091,15701,36349,2455
1092,28741,100695,1310
1093,5918,6033,2384
1094,7294,538486,2007
1095,10878,17690,1335
1096,17459,409725,1885
1097,12226,13271,2233
1098,14552,19804,2735
1099,25206,25866,1995
1100,12194,35620,1481
1101,25933,31799,944
1102,5752,18597,1034
1103,3200,88182,2122
1104,13685,16025,2491
1105,10781,39994,1068
1106,4720,15322,2492
1107,1946,4607,48
1108,25299,27170,383
1109,14732,15723,1946
1110,20111,256873,2871
1111,6886,9554,1788
1112,23687,64075,2098
1113,16091,90852,1793
1114,2814,31924,1344
1115,3814,3833,1654
1116,14860,27994,974
1117,14339,15693,2227
1118,6853,1506167,991
1119,23215,25834,2165
1120,18325,24893,1472
1121,24126,25437,2690
1122,22146,591267,2351
1123,29800,109255,1124
1124,18367,18842,707
1125,12276,34137,2673
1126,1148,6655,1236
1127,11711,20679,1934
1128,29254,38517,292
1129,8174,40226,521
1130,19470,797171,859
1131,16430,84824,1572
1132,26100,33414,2994
1133,14489,15566,2740
1134,5833,6912,919
1135,8410,8633,2091
1136,21436,23518,2211
1137,613,1480,596
1138,13762,30980,1682
1139,8029,16590,297
1140,29903,87952,1280
1141,14620,18904,2638
1142,28770,344918,788
1143,25121,28238,813
1144,10864,11449,290
1145,1297,7492,2567
1146,10950,11806,266
1147,2856,3539,1528
1148,2157,4497,239
1149,7018,30490,2211
1150,15501,16280,930
1151,19746,19833,115
1152,3949,4850,185
1153,15089,48779,1896
1154,9941,10179,1148
1155,1913,11414,2075
1156,28602,35015,2833
1157,9176,9837,2219
1158,3965,18173,470
1159,12421,21551,309
1160,6046,7111,2062
1161,6867,73814,1942
1162,26196,27795,2937
1163,1421,5788,782
1164,9996,28211,2601
1165,15040,69175,1169
1166,17685,843444,827
1167,27792,28370,2138
1168,28446,42502,2902
1169,3361,33012,1807
1170,25150,36862,1886
1171,421,2111,674
1172,4426,4715,844
1173,21242,38346,2703
1174,681,1802,1341
1175,23376,25016,746
1176,29440,30395,2285
1177,20390,499807,470
1178,7719,15037,267
1179,22820,25483,2444
1180,25105,29661,579
1181,22344,270640,1773
1182,12200,12515,2270
1183,5667,7470,2038
1184,8809,19076,1561
1185,10991,56198,1472
1186,6864,37113,349
1187,21646,41670,2342
1188,2187,15675,1970
1189,10480,26275,1769
1190,17746,20399,831
1191,22400,22690,1432
1192,21151,412738,524
1193,24685,25755,575
1194,1243,23638,941
1195,2090,15281,1325
1196,24800,29690,1299
1197,6657,11002,2447
1198,1500,2486,2672
1199,7463,30353,901
1200,5136,33932,2218
1201,19691,25918,1410
1202,8144,46167,344
1203,22281,36041,1661
1204,17693,26138,1093
1205,23735,78358,882
1206,11891,737436,868
1207,18116,30236,2989
1208,25238,29290,1997
1209,6524,6671,2373
1210,18414,22052,256
1211,26474,82222,1508
1212,25961,42371,2861
1213,16941,28380,19
1214,14536,16450,2061
1215,11151,12940,43
1216,4798,17945,1788
1217,7093,7700,1359
1218,26494,66723,519
1219,22554,24363,769
1220,29407,36363,2757
1221,16409,151375,1547
1222,10186,664355,2985
1223,22315,23255,2733
1224,27287,27926,336
1225,28252,54455,1120
1226,14900,23359,2722
1227,156,2631,2478
1228,15503,45110,2421
1229,15299,18459,2207
1230,10912,44307,2450
1231,17858,20128,2254
1232,19335,30407,593
1233,290,32050,2313
1234,10161,341625,1593
1235,6305,7474,2552
1236,17619,22258,576
1237,20360,24898,2110
1238,836,1483,2905
1239,19484,32255,1218
1240,11797,12279,1760
1241,19925,20796,604
1242,13350,130901,837
1243,1622,13261,1639
1244,21292,21567,1508
1245,9297,27328,2718
1246,27560,65648,1725
1247,26716,28124,2537
1248,29192,79193,2260
1249,7203,9754,1370
1250,18796,27136,98
1251,8909,48737,1396
1252,3147,5069,2599
1253,24873,25698,1894
1254,4146,5362,317
1255,29898,32284,2730
1256,10647,13124,331
1257,10621,59895,650
1258,4739,18914,1490
1259,26214,85971,1770
1260,29385,29486,2570
1261,26126,39437,1268
1262,15533,15688,2058
1263,26242,27362,2701
1264,12941,13166,1102
1265,8099,18902,483
1266,21600,23355,2399
1267,28719,33474,1849
1268,19457,81625,806
1269,19947,33363,1229
1270,11385,14704,55
1271,9305,89343,1834
1272,26689,127284,1544
1273,24673,25838,2233
1274,2669,2756,247
1275,8801,84533,249
1276,9969,12292,232
1277,17091,23267,1142
1278,26118,32618,564
1279,19367,19790,752
1280,12020,29601,2267
1281,25612,26176,2344
1282,11349,40878,1458
1283,16409,25921,1006
1284,26270,26332,1481
1285,7885,9878,886
1286,1635,12283,2285
1287,4815,22921,610
1288,6992,7066,302
1289,25590,26606,2606
1290,12634,12682,54
1291,21532,35167,448
1292,15928,153157,2637
1293,19362,22069,1776
1294,9730,11786,1694
1295,22438,148651,2592
1296,10819,17562,2561
1297,28586,45007,2418
1298,9954,254106,535
1299,19729,25007,402
1300,7040,7646,1795
1301,21176,22766,1954
1302,20120,20536,2581
1303,1210,21021,1167
1304,10688,21152,464
1305,25868,39639,1199
1306,17701,21204,1006
1307,19994,28610,1999
1308,16263,21370,2577
1309,3617,7145,2284
1310,18143,39819,443
1311,4569,15689,2399
1312,6190,10759,1136
1313,21727,59753,1283
1314,1700,6700,875
1315,15690,35798,206
1316,10150,10313,2223
1317,18078,18506,550
1318,22820,29387,1154
1319,16885,17276,1567
1320,28956,29160,2671
1321,28874,35231,2243
1322,10684,11773,2898
1323,3780,6911,2154
1324,203,2089,2148
1325,12127,19786,963
1326,1761,2682,2690
1327,129,13792,260
1328,23667,29348,711
1329,2305,9150,1251
1330,12703,14267,2557
1331,5565,7886,1615
1332,20208,20441,395
1333,16213,30541,1562
1334,1980,42118,1186
1335,22136,23646,698
1336,17191,23988,2188
1337,13631,14751,1444
1338,13355,13754,800
1339,12353,29067,2863
1340,18423,18557,2492
1341,11546,13374,564
1342,8928,9755,153
1343,13188,35578,2328
1344,4901,181018,1287
1345,17375,23829,2259
1346,23103,103361,418
1347,16035,85227,2928
1348,9679,21801,988
1349,13678,16190,1154
1350,25062,34323,689
1351,12903,103566,147
1352,7654,37465,1337
1353,3003,7391,2818
1354,24399,28409,2440
1355,7148,41193,1473
1356,10332,73238,684
1357,9795,17364,2923
1358,15433,15576,1948
1359,21593,173064,2348
1360,23260,41042,2582
1361,2561,4587,2243
1362,12914,13099,1267
1363,18496,24872,1981
1364,16219,17160,277
1365,23189,48797,408
1366,12255,20620,2883
1367,24997,27328,337
1368,1035,17114,1223
1369,4927,8492,912
1370,50,1781,731
1371,25096,92474,1551
1372,25076,25148,447
1373,3087,3321,1398
1374,5394,9072,899
1375,29796,52017,1598
1376,18504,26409,723
1377,8142,93600,1946
1378,13061,13215,2631
1379,11934,78719,2918
1380,27276,101394,947
1381,18647,31921,889
1382,14440,21076,2900
1383,6434,24601,1964
1384,3737,8156,1889
1385,8705,9117,2100
1386,14459,661815,2194
1387,27315,110443,1728
1388,6903,6942,784
1389,18635,21932,2719
1390,21917,22663,2985
1391,5203,8235,1396
1392,18940,52835,922
1393,6240,9194,2128
1394,14507,20001,1528
1395,6797,784405,182
1396,3145,11150,1376
1397,16458,51329,101
1398,22534,35417,2405
1399,24643,418318,1615
1400,26230,34855,2638
1401,9910,12224,2517
1402,4262,6563,308
1403,19252,34772,1644
1404,22951,30319,1377
1405,28965,104829,454
1406,14401,40125,706
1407,26699,32531,2524
1408,4150,4453,1861
1409,11279,57768,1915
1410,22087,23879,1873
1411,6318,7260,2667
1412,14951,54369,2150
1413,5185,54648,318
1414,22580,22743,2006
1415,13629,14886,108
1416,15882,21830,1986
1417,21135,44536,258
1418,16229,16911,1522
1419,1686,14158,2230
1420,10758,12118,1572
1421,3959,11859,1738
1422,13057,21212,2583
1423,27481,38864,1463
1424,16640,17078,1989
1425,6841,10720,2149
1426,1364,12804,922
1427,13088,15990,1202
1428,26790,36032,1828
1429,17242,20750,2947
1430,20185,20324,2808
1431,7392,8968,2655
1432,10950,19913,2589
1433,8090,16541,773
1434,28516,29473,2307
1435,21511,31768,1608
1436,8428,11874,2298
1437,23915,92532,1450
1438,12338,60282,1918
1439,18471,19327,534
1440,8049,8150,1477
1441,12075,13827,2854
1442,27428,94729,1155
1443,2021,6923,2819
1444,9911,10498,2325
1445,29530,29786,324
1446,987,9569,1824
1447,10401,13335,1727
1448,18611,43283,1304
1449,2077,5091,1725
1450,3952,5956,1557
1451,24725,110090,1237
1452,14641,14817,2620
1453,4202,5138,322
1454,16419,27427,2097
1455,1863,3237,505
1456,25131,25702,1603
1457,16835,43304,102
1458,29744,29770,298
1459,1543,4133,2138
1460,24486,68058,2766
1461,29720,39573,17
1462,15595,20518,651
1463,24718,108235,2956
1464,27349,41206,1682
1465,7447,206215,459
1466,24650,25086,2326
1467,16734,20846,532
1468,29683,37711,840
1469,26524,61723,297
1470,3683,7624,1275
1471,8753,12759,75
1472,10378,10543,1441
1473,9118,10381,2148
1474,2159,250993,649
1475,6366,9810,1851
1476,15725,15928,2425
1477,22946,24584,2840
1478,13875,26252,2773
1479,6609,11962,1684
1480,2905,3768,1743
1481,3469,4123,346
1482,531,18468,77
1483,15571,55198,1204
1484,2076,3913,690
1485,19947,36528,2764
1486,23684,24943,1051
1487,24895,25474,1432
1488,28184,81198,2131
1489,24925,26770,1104
1490,16262,58427,2134
1491,26928,160709,2959
1492,19890,22287,967
1493,16692,18348,1079
1494,8701,14374,2596
1495,20467,22301,831
1496,9848,15337,2606
1497,845,4572,741
1498,26681,27473,2979
1499,22635,22841,1776
1500,23797,35112,913
1501,25254,36616,764
1502,21531,29510,672
1503,18290,50445,1552
1504,9045,68597,1181
1505,22285,52172,871
1506,11746,17186,2364
1507,10189,13471,1939
1508,27766,27926,1787
1509,10025,10318,1900
1510,19531,20155,2752
1511,25235,84955,1973
1512,25367,65039,943
1513,16813,22201,896
1514,4975,10288,2608
1515,1133,2030,2389
1516,8453,8591,1177
1517,8961,9763,230
1518,12748,40995,1803
1519,28668,28824,1308
1520,16900,17885,1198
1521,11912,12133,2720
1522,23696,49734,2129
1523,20938,30776,2156
1524,27013,43809,2680
1525,26205,52998,2595
1526,1187,15477,1522
1527,8397,34930,1602
1528,2374,5335,2372
1529,12301,14682,2710
1530,7567,10138,1635
1531,49,1171,1860
1532,2716,9231,2323
1533,20284,28144,1298
1534,896,11342,1398
1535,13736,13938,1544
1536,2423,4146,895
1537,26508,29330,2398
1538,4657,4909,1536
1539,16679,91124,2211
1540,20300,92163,2407
1541,1597,90121,526
1542,16077,18818,561
1543,18779,21469,971
1544,21801,22620,1449
1545,16671,28488,2243
1546,26202,39186,1000
1547,11807,146209,295
1548,301,5323,789
1549,15702,19007,424
1550,29636,63979,2234
1551,27267,31007,2040
1552,18367,48255,2686
1553,559,2498,1780
1554,1591,15283,1373
1555,25844,63811,1380
1556,11613,95368,727
1557,8233,10715,213
1558,79,1180,1558
1559,161,9780,2378
1560,21912,37016,2149
1561,15001,41599,2352
1562,15680,23529,646
1563,27383,29889,1171
1564,18825,19041,1310
1565,17555,26222,1580
1566,28883,120978,1711
1567,29269,35254,2876
1568,22187,26873,1477
1569,15637,21793,2886
1570,27535,32749,2086
1571,2277,60474,2502
1572,27253,70353,1649
1573,25049,26982,2317
1574,23096,39429,759
1575,27932,29540,1117
1576,3563,4264,2382
1577,11665,22555,2136
1578,8470,234276,1908
1579,25293,27802,1697
1580,11039,25119,1745
1581,28491,63382,2543
1582,21462,23772,583
1583,9869,109471,919
1584,5583,297275,1869
1585,22800,56787,949
1586,24159,25021,9
1587,25062,25148,1937
1588,11388,15102,14
1589,20036,20742,2525
1590,26757,53752,480
1591,16621,18346,519
1592,2596,2745,1780
1593,23328,78148,754
1594,8713,49897,1320
1595,13026,254210,1330
1596,18549,21351,139
1597,17675,67838,1685
1598,8632,9529,1947
1599,12415,24959,1135
1600,23387,28486,1755
1601,15640,16132,2677
1602,23881,25654,1283
1603,4474,9048,1293
1604,29164,29962,1990
1605,16495,56747,1372
1606,27804,29558,87
1607,9302,11616,331
1608,12641,76816,677
1609,20293,25190,2032
1610,2602,2717,1397
1611,18266,26019,202
1612,28095,68060,657
1613,4677,8179,1739
1614,385,20793,1719
1615,8083,9447,1669
1616,12005,13039,98
1617,14500,40008,623
1618,975,1472,180
1619,7832,65335,746
1620,20789,54480,1351
1621,19015,21250,567
1622,22630,25458,1621
1623,21544,21991,1943
1624,10345,18524,1647
1625,14728,40446,2052
1626,29331,30190,1644
1627,15340,95621,109
1628,2855,13910,48
1629,25704,267175,1713
1630,19046,23661,1470
1631,15593,15783,2411
1632,13690,26292,1652
1633,24759,179760,1258
1634,3965,11204,594
1635,10698,15917,1495
1636,25930,26200,2391
1637,28582,205025,1031
1638,15994,38304,637
1639,22342,36795,425
1640,11664,31753,2257
1641,9901,12517,159
1642,17437,19373,2074
1643,12629,17255,1966
1644,19074,20242,1323
1645,13538,14784,1124
1646,21027,24174,28
1647,13968,15019,2182
1648,21219,27048,101
1649,5181,6893,2052
1650,25368,26172,99
1651,3969,4173,2252
1652,20957,23305,2337
1653,27003,27552,2887
1654,4027,389718,840
1655,5850,8190,2261
1656,14112,60360,2962
1657,4411,11373,367
1658,22457,22930,2975
1659,21966,23327,585
1660,11244,15072,361
1661,14790,16085,2024
1662,28709,36435,69
1663,5742,6691,2690
1664,27065,31303,197
1665,24988,26360,91
1666,16933,31818,2872
1667,21651,23088,2625
1668,10719,31176,1005
1669,2728,8373,2168
1670,7990,40387,2201
1671,21567,23243,1541
1672,7855,28329,582
1673,15742,17104,1996
1674,29395,30043,2036
1675,25942,28025,1595
1676,156,1286,1904
1677,17255,42580,700
1678,29903,36798,2974
1679,13549,19240,1114
1680,12600,12626,956
1681,4193,46033,852
1682,13348,14004,161
1683,24482,25407,1888
1684,18676,157966,943
1685,13209,40950,168
1686,3398,3746,2209
1687,12322,24098,1180
1688,26971,37225,1283
1689,18027,38580,1182
1690,4564,32613,1195
1691,29022,44195,290
1692,971,20769,1277
1693,23109,49279,340
1694,29022,33316,316
1695,1937,322729,2237
1696,19219,734267,549
1697,20127,129546,751
1698,8229,11499,150
1699,28622,29941,859
1700,16226,17354,2290
1701,5404,11515,225
1702,21074,21647,2825
1703,4361,7148,608
1704,975,1789,595
1705,9808,28786,402
1706,2034,87076,286
1707,19594,22968,591
1708,3022,7401,2653
1709,26385,28968,2899
1710,25194,25304,999
1711,11010,14953,1778
1712,25409,25638,1693
1713,13345,17159,597
1714,25113,27179,1431
1715,21006,22106,22
1716,15622,51025,2498
1717,23256,25007,2397
1718,24036,26312,993
1719,10105,32073,154
1720,1565,4701,1546
1721,3164,29776,47
1722,29733,632576,244
1723,751,12571,610
1724,12368,18126,361
1725,1147,1200,653
1726,11013,18222,1463
1727,14615,15108,432
1728,21722,27069,1400
1729,10576,16065,1965
1730,9738,12705,2323
1731,2967,6189,394
1732,11753,30072,446
1733,28181,86081,321
1734,22473,42755,1990
1735,28979,30018,26
1736,7002,8000,2673
1737,8533,150250,2191
1738,15178,15989,707
1739,17543,25102,2443
1740,3286,6795,1067
1741,25666,39330,796
1742,8839,13361,77
1743,4627,132931,1995
1744,25983,27004,18
1745,27309,28561,2762
1746,26590,196367,143
1747,13625,20680,1091
1748,12193,15497,1987
1749,5700,11142,2285
1750,1425,47497,191
1751,26779,35770,1574
1752,14782,35776,149
1753,27506,30497,711
1754,3677,118065,1364
1755,14779,39344,906
1756,19572,233750,426
1757,7010,19816,2303
1758,29094,76593,953
1759,15331,15535,1287
1760,10066,11236,2410
1761,8967,9679,1217
1762,11114,95790,1719
1763,9139,10882,614
1764,7243,10648,1930
1765,13714,14227,434
1766,11075,16516,313
1767,1287,28136,1160
1768,2356,2883,558
1769,10686,16432,1389
1770,12594,12988,1908
1771,13179,18125,666
1772,29093,33430,1414
1773,18047,21388,1883
1774,20363,23394,1963
1775,27403,36179,2442
1776,17731,44259,2031
1777,8323,11028,2738
1778,4372,584280,1290
1779,3685,81394,909
1780,23368,23421,1254
1781,1901,2659,1681
1782,8212,16628,2885
1783,29747,42257,2452
1784,225,1335,838
1785,22854,23113,1165
1786,8891,28152,979
1787,17621,19175,2416
1788,14670,18019,1751
1789,23346,373742,1508
1790,14158,51186,1152
1791,25753,38415,2608
1792,7202,291275,1683
1793,9818,42504,1196
1794,27889,37373,1208
1795,14371,19051,2355
1796,1576,165408,252
1797,14150,19350,1876
1798,8479,94304,2885
1799,5915,53875,2671
1800,11443,24627,675
1801,1066,10693,564
1802,13667,23733,1800
1803,26127,153895,382
1804,22356,23917,2252
1805,27588,35416,1776
1806,18740,62292,352
1807,12553,13042,1483
1808,19546,1086014,1808
1809,14853,611491,1851
1810,23378,35814,557
1811,2377,113962,2511
1812,2940,38170,671
1813,12486,51541,2860
1814,6028,59983,366
1815,19338,24624,2879
1816,6128,6216,988
1817,20476,47175,2433
1818,17476,235571,45
1819,15932,147052,56
1820,18173,19784,910
1821,3555,5571,2239
1822,23675,23891,1584
1823,27957,50022,2737
1824,11997,339311,514
1825,18682,27393,1022
1826,771,17893,841
1827,18291,64359,1729
1828,9928,33432,1925
1829,20923,23495,506
1830,28515,250108,628
1831,14115,16830,579
1832,24692,28720,1709
1833,7966,12655,1524
1834,9005,11802,46
1835,10249,112368,2048
1836,26215,26277,2304
1837,2390,9890,2591
1838,29102,29984,804
1839,15383,66934,840
1840,759,35180,2240
1841,4034,42083,831
1842,14683,14922,1242
1843,6982,9503,447
1844,29272,47818,1355
1845,11067,62495,2584
1846,13742,18679,2623
1847,24922,237053,1047
1848,21813,23023,2425
1849,17317,19185,1556
1850,22426,31381,1844
1851,103,12603,530
1852,29245,42096,1621
1853,29645,32753,2161
1854,29684,38433,515
1855,5503,8362,2696
1856,3352,70340,1108
1857,6203,19801,576
1858,5210,10001,2023
1859,23685,55788,140
1860,25880,108277,498
1861,12248,15866,240
1862,10292,18267,664
1863,17326,63088,179
1864,3744,7198,182
1865,8313,8738,834
1866,25593,43252,1903
1867,12332,25446,2811
1868,18835,27397,2070
1869,5148,76007,2671
1870,20800,185752,1705
1871,12808,15833,120
1872,27169,29391,1983
1873,7706,9800,654
1874,19424,26961,76
1875,18384,30208,2100
1876,15163,18800,1497
1877,21595,36703,250
1878,17115,106159,2680
1879,22058,129860,1335
1880,8385,12153,43
1881,23750,24031,87
1882,29283,35286,867
1883,4168,10338,2065
1884,7758,9697,1247
1885,10917,42445,656
1886,7731,11162,2656
1887,20016,66805,2529
1888,7870,52857,2522
1889,16749,17014,1579
1890,14043,16060,1114
1891,8364,9747,1467
1892,28938,29047,2951
1893,12799,12998,743
1894,729,1160,362
1895,4802,11908,1733
1896,22513,48999,937
1897,26481,26854,422
1898,12537,59089,603
1899,13105,40971,1656
1900,20420,25918,2041
1901,7934,18294,990
1902,17116,21162,2476
1903,1625,6033,1816
1904,16731,17298,1202
1905,9713,100627,1429
1906,19152,64208,2263
1907,23727,25189,984
1908,7895,29117,949
1909,14134,14579,658
1910,10211,10569,335
1911,2427,7533,2319
1912,18318,27427,1364
1913,14785,20133,1078
1914,14896,238990,615
1915,8136,18815,748
1916,26931,32961,158
1917,27637,28258,2729
1918,21439,27412,1051
1919,5471,16332,1421
1920,15096,67366,1614
1921,23848,53701,2767
1922,7825,17902,2141
1923,15195,30692,2144
1924,17309,17609,897
1925,28861,41607,244
1926,27459,27566,494
1927,22716,25110,2351
1928,3025,27388,2873
1929,9958,17986,1996
1930,7962,33908,1791
1931,13015,13496,1147
1932,21189,21820,2266
1933,11208,12040,2735
1934,21418,59093,1937
1935,6822,91947,921
1936,4588,5173,636
1937,11102,12293,1487
1938,4993,24126,1128
1939,23120,27148,1176
1940,3969,16529,2218
1941,408,3739,935
1942,27271,27551,2769
1943,7762,15641,1252
1944,14733,36011,2773
1945,24068,598672,1894
1946,28795,52841,2258
1947,17669,20290,504
1948,53,64668,875
1949,2841,150076,2986
1950,16811,149291,2515
1951,8090,54212,1889
1952,12295,116310,2486
1953,23746,485775,1293
1954,27110,27357,2186
1955,26082,29038,858
1956,18647,64999,1046
1957,5391,7314,2881
1958,7776,13618,2928
1959,13439,61580,2313
1960,821,1372,1487
1961,22559,22834,497
1962,16567,20459,315
1963,16228,45758,2588
1964,13125,14586,715
1965,22293,22762,1597
1966,26811,27453,2690
1967,6243,42243,2247
1968,24616,25011,1370
1969,17017,50326,2287
1970,26240,284154,1907
1971,1134,36364,591
1972,5423,8804,249
1973,27164,29667,2592
1974,4668,5271,443
1975,8863,107791,370
1976,5253,10090,2216
1977,12113,12843,1887
1978,26611,26734,1798
1979,703,1132855,2333
1980,25505,26322,2971
1981,19705,25092,1234
1982,5537,17963,12
1983,11853,38042,586
1984,7800,8449,509
1985,8253,464197,2445
1986,7652,10776,614
1987,23508,34928,158
1988,2709,19108,1366
1989,2797,5323,635
1990,7175,7274,1109
1991,27045,30155,1873
1992,24014,28155,1684
1993,28002,32128,2630
1994,8557,13630,1544
1995,21891,23796,1633
1996,9281,13500,347
1997,23600,120142,2343
1998,17607,26473,902
1999,9371,9557,2229
2000,15060,604200,2441
2001,7912,11202,829
2002,26669,59722,418
2003,24380,29236,1827
2004,4293,14241,2042
2005,21756,112412,193
2006,11287,30105,2749
2007,12449,155833,1549
2008,6396,17009,901
2009,14508,24515,605
2010,5684,16493,1137
2011,10089,23816,985
2012,17597,70939,1260
2013,13323,13480,2757
2014,26304,45391,2528
2015,26170,34303,2591
2016,22742,56894,496
2017,14194,14926,1058
2018,26481,423297,2838
2019,21020,21128,2523
2020,5989,9727,1653
2021,28982,33685,962
2022,4479,7187,1281
2023,22647,24559,1865
2024,13371,14977,1769
2025,2147,7862,2248
2026,15570,41835,355
2027,13895,17817,2330
2028,14044,14740,2441
2029,19293,55615,197
2030,2428,4188,2598
2031,22287,24802,2220
2032,3384,11613,2446
2033,6363,20928,2137
2034,4018,14616,2489
2035,6974,48369,1201
2036,2169,5906,89
2037,8029,11163,2000
2038,19932,70007,272
2039,11749,13675,2378
2040,19853,20453,1856
2041,29398,575139,1864
2042,15684,25120,52
2043,20836,21690,1225
2044,17717,19375,364
2045,17607,19129,1196
2046,15045,15583,2469
2047,11899,14388,2981
2048,25315,26263,63
2049,22628,22674,2445
2050,7732,10391,2139
2051,1414,3683,1453
2052,2501,34294,2626
2053,117,4691,701
2054,16838,22183,179
2055,19807,21135,2570
2056,17087,23615,471
2057,3787,4590,2120
2058,11875,231052,612
2059,19429,20060,1233
2060,790,66742,2192
2061,17790,25370,1154
2062,2270,5270,444
2063,1738,28700,1127
2064,3667,16952,2460
2065,22645,28232,2345
2066,25281,3150803,2003
2067,10641,12829,458
2068,24285,28033,1498
2069,29634,30116,572
2070,29037,38483,2324
2071,7773,8647,2733
2072,13623,17183,2297
2073,3310,8322,2897
2074,12115,74415,2367
2075,21955,23679,1015
2076,25696,29662,2635
2077,7001,20576,376
2078,20236,23942,2579
2079,11861,15750,2005
2080,28089,28266,2874
2081,12823,83892,12
2082,23506,26939,2596
2083,16765,19421,1611
2084,7214,61052,722
2085,4214,42278,1387
2086,23990,28226,1631
2087,19053,19760,896
2088,13452,18412,529
2089,13973,20161,2295
2090,20669,23780,2357
2091,19290,27285,350
2092,9865,14659,1988
2093,23404,154433,1014
2094,157,99255,1121
2095,22440,24389,1682
2096,26195,27281,937
2097,24880,28494,1774
2098,11743,15699,870
2099,29868,31322,1990
2100,8792,12795,146
2101,25716,27398,1589
2102,18011,23279,1549
2103,9871,26048,1084
2104,23636,154437,2229
2105,4095,9400,2671
2106,22513,40845,1338
2107,14063,28848,1002
2108,22950,31142,146
2109,21530,81394,1958
2110,4580,11968,2182
2111,8553,63628,2738
2112,17919,35670,1648
2113,24983,27319,1048
2114,10580,16692,757
2115,8956,10132,2521
2116,18132,25547,1981
2117,27926,56724,2648
2118,239,228277,2228
2119,2174,7724,1765
2120,28694,33155,2924
2121,27913,28875,1852
2122,18644,45999,319
2123,4089,16022,2329
2124,2400,13664,488
2125,3782,27410,1432
2126,7018,42543,2688
2127,29501,29994,1589
2128,18533,29301,559
2129,1733,59999,460
2130,10087,494501,1760
2131,942,42811,1134
2132,6218,32825,393
2133,14076,117292,861
2134,8781,116344,1222
2135,12042,23599,1089
2136,14256,29110,354
2137,23858,26688,289
2138,10179,11554,851
2139,8265,10353,2063
2140,26783,60323,1316
2141,14460,26961,2368
2142,927,4426,1942
2143,22717,97433,1810
2144,15222,16681,1380
2145,16184,25505,2489
2146,25521,94830,287
2147,3127,3987,559
2148,24949,28088,2898
2149,5760,6610,2576
2150,15923,19548,1173
2151,1587,7867,56
2152,9590,11441,1666
2153,22433,24400,1680
2154,27553,28967,1919
2155,16733,31491,2327
2156,6197,6683,2844
2157,5182,15769,2403
2158,12795,24840,891
2159,14585,15709,1789
2160,4199,4875,377
2161,26862,55489,2404
2162,11008,13867,2965
2163,27007,34646,2341
2164,28105,36640,2008
2165,22043,84635,1324
2166,26701,28686,163
2167,1012,8259,2465
2168,29696,30873,418
2169,5234,5440,75
2170,24071,27770,1481
2171,24163,27151,258
2172,826,1319,941
2173,8370,8741,1020
2174,11148,14356,1453
2175,17882,30838,1778
2176,27457,28382,779
2177,12785,22849,1180
2178,28027,28509,802
2179,8600,145173,1192
2180,26214,105343,1816
2181,17070,24612,1956
2182,7407,32898,252
2183,9139,10785,1049
2184,9945,11764,308
2185,29038,48424,2739
2186,20270,32385,895
2187,18057,26959,1082
2188,11312,13750,2501
2189,1195,20526,1771
2190,21374,22002,254
2191,24171,64522,29
2192,18442,19581,430
2193,1798,5863,1580
2194,22978,33880,924
2195,6034,6441,1499
2196,6563,9736,523
2197,16411,51889,24
2198,1631,9458,1804
2199,27215,31059,566
2200,20811,64988,1871
2201,17089,22813,2021
2202,143,747,1872
2203,27855,104106,1751
2204,7703,20911,1192
2205,28180,83731,1768
2206,17465,143396,2434
2207,7432,10576,687
2208,18637,29927,229
2209,23958,24452,1371
2210,13491,169043,1757
2211,19335,21062,806
2212,17046,32068,2149
2213,9526,13126,204
2214,723,1824,1549
2215,22421,42137,423
2216,26649,31634,2959
2217,7878,12515,2473
2218,28283,42610,199
2219,4654,6863,318
2220,14317,18475,2436
2221,19678,107200,1109
2222,4690,5811,708
2223,1825,2011,2154
2224,24913,33215,2271
2225,8350,59161,1629
2226,17501,29137,827
2227,16480,17672,1844
2228,15009,35876,1336
2229,10936,11522,1802
2230,28134,522819,718
2231,4841,7951,2741
2232,4242,5754,234
2233,9139,9339,746
2234,18549,20194,2154
2235,10645,35859,421
2236,24111,27773,523
2237,25938,29854,2490
2238,16508,57036,715
2239,20900,29260,511
2240,23889,154936,1064
2241,24708,53251,762
2242,26218,26858,2187
2243,5397,7032,2840
2244,26882,30175,2472
2245,23829,47455,87
2246,591,9080,247
2247,20807,201124,2151
2248,20173,20482,1816
2249,13821,13893,2483
2250,22774,26652,1524
2251,6792,8182,2507
2252,24137,27892,2106
2253,27205,146273,1191
2254,18327,20396,2531
2255,27868,30503,795
2256,6379,9017,1726
2257,10973,78097,2851
2258,12970,17089,1304
2259,10007,11092,2215
2260,12269,13242,1839
2261,24599,31684,651
2262,11447,26041,2895
2263,18187,31620,1060
2264,18105,26924,1378
2265,29449,29867,1295
2266,7921,76292,2547
2267,5632,49062,2343
2268,22224,77533,337
2269,7146,246999,1466
2270,12818,50191,1538
2271,12453,56017,1754
2272,4318,71465,1549
2273,20698,38140,51
2274,20591,20721,2695
2275,16198,21822,2503
2276,20853,45322,2560
2277,22154,41912,1865
2278,6070,17981,845
2279,15038,15450,1958
2280,1623,32280,409
2281,19782,72507,2093
2282,24998,26789,946
2283,24644,31850,601
2284,26212,115251,1105
2285,19675,24049,2855
2286,17689,22559,714
2287,12725,13124,1321
2288,14039,17482,1477
2289,18172,20627,2028
2290,9058,28001,1357
2291,22074,23306,2895
2292,27100,28305,679
2293,2189,2453,291
2294,4660,24769,2954
2295,8591,16005,120
2296,6885,9851,1961
2297,9214,9904,18
2298,19880,410299,598
2299,14996,15446,425
2300,12453,16098,2095
2301,5530,6268,1934
2302,17763,22023,2848
2303,3972,4331,2396
2304,19642,23829,1127
2305,24853,25248,1315
2306,13799,17249,2697
2307,2153,10391,1310
2308,13640,16567,1233
2309,18871,20914,2821
2310,11644,18871,2516
2311,23601,133780,2392
2312,3380,22588,436
2313,18194,19324,2979
2314,4766,8179,563
2315,14802,15093,2237
2316,5960,8106,1247
2317,10769,221985,144
2318,9015,15173,152
2319,15976,62469,330
2320,23924,24173,202
2321,19988,49251,2755
2322,19757,28116,1345
2323,27252,70174,394
2324,11851,45305,1842
2325,10606,18387,649
2326,22550,23819,482
2327,5149,6587,2238
2328,25589,25936,1982
2329,23507,36039,553
2330,17044,20003,2941
2331,17995,28738,1954
2332,10045,12493,2850
2333,26543,29012,1443
2334,7292,404516,1642
2335,25614,86543,1823
2336,27002,35844,1154
2337,13979,14049,2951
2338,6192,9813,1149
2339,15828,74406,1710
2340,9319,13705,971
2341,4408,9008,2366
2342,8840,10915,2422
2343,15393,18786,2220
2344,12708,18566,1678
2345,1745,4133,2960
2346,25590,76880,2228
2347,6267,9213,1842
2348,17196,23323,1027
2349,11864,122718,2558
2350,28382,29534,2783
2351,15468,15595,2363
2352,3835,14317,991
2353,15346,19525,1955
2354,5628,34646,144
2355,22894,28191,919
2356,28434,33949,2112
2357,2107,26078,1503
2358,9298,12084,1509
2359,8015,1598734,1968
2360,6795,36233,554
2361,15752,19861,172
2362,10425,399293,2896
2363,15676,232638,276
2364,15803,64214,1691
2365,25046,26716,2754
2366,2121,3517,910
2367,28761,49540,948
2368,15957,18032,2368
2369,27879,38774,2969
2370,9288,21724,748
2371,3073,6771,153
2372,4816,5036,701
2373,9320,9577,565
2374,2673,134934,942
2375,18625,30183,2517
2376,20158,84736,2653
2377,11328,11731,1132
2378,28985,30814,2572
2379,14421,15995,2244
2380,13831,30532,1343
2381,8807,68250,859
2382,3361,4234,209
2383,1571,1990,2651
2384,25480,35696,1954
2385,1031,18919,2082
2386,17137,65994,2586
2387,9744,11902,961
2388,29693,43878,506
2389,20676,23395,768
2390,28093,112220,378
2391,29072,29245,1168
2392,7649,53212,1892
2393,4549,4589,2853
2394,25796,32972,1389
2395,25601,33508,2248
2396,18533,43953,333
2397,12854,14208,2402
2398,21460,34175,1905
2399,19185,36618,6
2400,17714,17821,385
2401,1342,2842,307
2402,2518,2954,601
2403,19092,20685,2560
2404,28822,31312,2584
2405,22723,30874,1051
2406,20964,29170,240
2407,5576,108404,1301
2408,11255,55347,1474
2409,26927,42071,203
2410,21337,96590,763
2411,2957,487499,2686
2412,2097,2149,1575
2413,23406,24698,1843
2414,26744,26770,1657
2415,12726,25489,910
2416,3536,19645,1694
2417,19861,20776,1974
2418,11999,15855,1510
2419,7792,9014,1586
2420,19173,22634,2145
2421,25115,48271,707
2422,10580,48732,1911
2423,11183,19828,417
2424,6940,338149,1149
2425,28208,62978,1098
2426,10289,30623,1556
2427,13571,14692,1692
2428,2117,3682,1645
2429,26745,31020,1864
2430,4885,8289,1572
2431,20417,21449,2976
2432,11865,67017,1327
2433,15209,16220,1143
2434,15351,16950,1970
2435,23553,23587,2771
2436,5236,160894,931
2437,29474,1951521,691
2438,5530,35366,634
2439,22592,29647,2383
2440,20762,25337,2349
2441,898,18269,697
2442,27624,39480,9
2443,7313,8797,2901
2444,8662,12767,810
2445,18397,26502,793
2446,8225,9690,2662
2447,110,6040,2633
2448,22623,29217,804
2449,24844,27320,2735
2450,28913,114987,1555
2451,4067,13681,363
2452,21242,22285,1816
2453,2511,24261,1793
2454,18556,20123,2377
2455,27824,37293,2607
2456,22204,28785,2603
2457,27459,76552,40
2458,5203,5480,1032
2459,17472,19925,1039
2460,8799,33502,2892
2461,15365,15511,1041
2462,3039,17523,948
2463,27588,75027,1271
2464,11486,244573,430
2465,20576,46712,1071
2466,19271,63879,520
2467,15898,146352,215
2468,26026,27315,1160
2469,443,3167,433
2470,23151,38131,2925
2471,25314,237196,1660
2472,19743,346589,1403
2473,214,5616,150
2474,21167,23711,1464
2475,13879,14946,1045
2476,4565,17045,2386
2477,2536,3059,1028
2478,27687,41059,1767
2479,14068,500410,2738
2480,10720,11128,756
2481,4660,10487,1474
2482,19914,20802,451
2483,2470,21343,582
2484,1244,9990,945
2485,7859,8501,2612
2486,15830,247833,2436
2487,11095,14024,2457
2488,2529,12352,269
2489,660,46791,385
2490,5009,40431,822
2491,8336,165259,422
2492,25378,33542,2384
2493,28593,35146,2494
2494,17583,109318,1251
2495,9327,9466,1357
2496,1377,10237,1025
2497,25048,27009,180
2498,1485,24757,1726
2499,15524,86665,98
2500,3075,8862,1395
2501,3147,83044,1450
2502,1720,1924,2846
2503,5172,5633,1057
2504,9126,19519,459
2505,3715,4828,1097
2506,13657,43416,1645
2507,2857,9848,1839
2508,98,4030,2520
2509,1314,14138,2317
2510,1895,2137,2124
2511,9846,10935,406
2512,5265,7499,306
2513,1278,4411,644
2514,23060,32681,21
2515,1874,75331,1357
2516,12552,17650,1606
2517,11738,21399,1201
2518,17579,29693,1439
2519,14,62133,1415
2520,25445,120629,232
2521,18804,29923,2165
2522,15222,20820,459
2523,15820,16912,948
2524,20596,29501,1620
2525,9776,12520,1632
2526,12071,17491,225
2527,11438,12765,1208
2528,18416,25456,1235
2529,15528,67928,2312
2530,18764,23634,1473
2531,20792,52219,2585
2532,21550,22432,358
2533,28150,31918,772
2534,17016,18048,1377
2535,14567,14827,296
2536,29085,29504,2943
2537,15312,173356,2576
2538,5999,52945,2297
2539,27718,49377,694
2540,9563,37714,438
2541,22858,317301,2027
2542,27900,63080,887
2543,5301,66565,802
2544,11015,14181,2768
2545,1106,26070,1109
2546,8755,22824,739
2547,27485,36017,497
2548,5427,14267,32
2549,20473,21478,2874
2550,27171,33616,692
2551,16859,29520,161
2552,27552,33657,2586
2553,13131,15560,2704
2554,11132,18560,693
2555,19496,27611,1370
2556,29781,30468,1096
2557,12568,17352,701
2558,13747,13912,700
2559,16271,18251,1792
2560,10311,10388,1230
2561,23281,23403,2054
2562,17971,19652,1965
2563,1017,683982,1586
2564,1090,18196,2998
2565,3394,4635,925
2566,14402,14670,279
2567,19027,21639,1127
2568,25528,25845,795
2569,29650,85354,2123
2570,14094,2704950,588
2571,11381,20918,1055
2572,3722,5919,1441
2573,16026,35791,2495
2574,17039,32776,2139
2575,8799,63374,2863
2576,29186,55353,202
2577,3075,24995,94
2578,18520,19316,1956
2579,12578,21794,2815
2580,22160,22855,205
2581,27255,41344,487
2582,14289,19050,2212
2583,671,1410,2988
2584,709,5003,474
2585,9521,14036,796
2586,18789,19421,1885
2587,19151,19876,801
2588,2677,10906,55
2589,20806,67704,892
2590,18931,21723,2548
2591,17767,22258,241
2592,11476,87515,1133
2593,22127,228860,1628
2594,2902,250886,469
2595,18272,21189,2536
2596,7300,11677,1633
2597,1651,2815,665
2598,10493,13895,2262
2599,22031,31160,1703
2600,25781,30153,1670
2601,27908,28960,2820
2602,6613,17403,2063
2603,16944,25677,1917
2604,24958,25443,114
2605,14284,20146,975
2606,12070,12859,2263
2607,6860,7610,1476
2608,8242,9608,2231
2609,21500,32599,1628
2610,21932,28805,1919
2611,25606,32651,1059
2612,7779,8130,1075
2613,25631,43027,2401
2614,28332,37235,2341
2615,11273,24990,140
2616,27290,37140,226
2617,4298,5722,1562
2618,11940,23980,1391
2619,5130,12171,828
2620,4880,38164,537
2621,499,808,1326
2622,6389,8371,2477
2623,24615,83373,1315
2624,4399,51056,1956
2625,1183,10991,2830
2626,25629,38301,88
2627,19930,20654,1192
2628,14469,16687,2628
2629,28180,30401,2721
2630,14591,35375,576
2631,21754,25138,1251
2632,18843,19791,2379
2633,28738,37531,315
2634,19036,20039,1786
2635,19489,19587,878
2636,7450,12340,776
2637,19871,31220,884
2638,10945,14918,1870
2639,15740,18072,1259
2640,11467,22791,1469
2641,2476,11315,2452
2642,5186,43210,459
2643,21046,67337,2145
2644,23177,25954,1408
2645,4238,19153,1899
2646,26002,128230,1775
2647,11539,13912,2640
2648,8551,9840,2177
2649,2018,156209,1240
2650,4111,5439,1034
2651,11032,18556,1038
2652,11178,12174,533
2653,16387,24420,1641
2654,18462,93196,2380
2655,16894,17335,136
2656,4176,8085,65
2657,3199,29018,2106
2658,16202,21522,911
2659,3442,94153,2465
2660,22500,22958,70
2661,5631,6242,2565
2662,12965,27346,1044
2663,27223,82310,586
2664,9135,366292,1736
2665,21864,39060,2603
2666,11821,17999,2387
2667,7662,8136,1453
2668,21570,24779,221
2669,17036,23827,1822
2670,26543,51054,2978
2671,26154,28591,902
2672,15714,67953,2466
2673,20298,22578,662
2674,29226,73768,1355
2675,20375,93523,2657
2676,20931,94971,450
2677,10392,13326,2417
2678,7438,16489,2022
2679,21498,23163,720
2680,25240,29996,764
2681,16455,17107,1287
2682,10128,63187,1072
2683,4733,57555,209
2684,27939,28742,2042
2685,20794,20965,2913
2686,4846,4871,1658
2687,8870,10368,901
2688,12229,48982,2496
2689,539,9540,1504
2690,8221,9111,2531
2691,26622,26898,2527
2692,21193,41332,1893
2693,18928,1030762,2001
2694,26767,57155,1648
2695,612,4074,1485
2696,4006,4269,520
2697,15436,16172,643
2698,19230,35057,1780
2699,3624,11917,1487
2700,18324,19014,1336
2701,14822,20418,423
2702,4704,33531,449
2703,21426,22228,1215
2704,22706,69408,1529
2705,21123,37437,1506
2706,19620,29084,1244
2707,23752,24162,177
2708,15919,31884,2787
2709,9092,18332,268
2710,1211,3016,1350
2711,24642,27953,525
2712,1357,1547,2476
2713,10193,102695,1186
2714,14984,16438,785
2715,16019,16745,2355
2716,10493,17938,2301
2717,28009,33699,221
2718,29869,81571,1037
2719,5222,8318,1767
2720,27352,27548,871
2721,9371,23146,1088
2722,8168,200791,1338
2723,16180,17895,972
2724,1410,766520,1421
2725,17210,18064,357
2726,11417,20431,2585
2727,3598,32631,458
2728,10395,80544,980
2729,11567,94609,2445
2730,24523,25293,1145
2731,19102,24055,1215
2732,26881,61811,1161
2733,4295,8443,18
2734,27800,29357,378
2735,25529,29463,1643
2736,27038,31867,2935
2737,26197,26488,1605
2738,3314,3755,2099
2739,3185,30587,1939
2740,13458,14790,2290
2741,20484,22143,2781
2742,5823,6832,1670
2743,14781,16482,1316
2744,12011,39344,2612
2745,8062,36690,2414
2746,4350,4738,2466
2747,257,1024,818
2748,5563,16986,2407
2749,14940,18464,966
2750,21689,47003,1659
2751,17172,47850,2811
2752,25179,29480,1183
2753,6671,13523,586
2754,9171,13272,479
2755,21652,33287,932
2756,2778,4624,1145
2757,28425,95770,2757
2758,23326,25007,467
2759,24506,37555,671
2760,26589,26656,1515
2761,15883,25887,338
2762,5761,7005,597
2763,5262,10455,2364
2764,18378,18583,2439
2765,25091,27028,752
2766,4159,44719,2081
2767,5547,6828,2961
2768,22862,28954,2851
2769,29315,32651,1106
2770,8571,10452,2549
2771,27497,262786,2917
2772,27288,48032,2646
2773,29928,36516,2711
2774,6906,215957,2326
2775,17123,22155,1877
2776,17441,27205,1619
2777,21756,27958,2584
2778,5049,8263,2394
2779,9611,33287,2971
2780,680,1376,2216
2781,15512,16771,1007
2782,21893,57097,1330
2783,22172,22518,1650
2784,27044,33514,1186
2785,12389,16843,2284
2786,20546,37731,515
2787,798,352065,1459
2788,11480,12980,885
2789,26958,30428,2487
2790,18367,18968,1069
2791,11326,14094,650
2792,27957,58647,800
2793,15642,71676,2716
2794,25068,32847,2092
2795,6219,6477,2557
2796,27875,109652,1071
2797,22846,22894,764
2798,17569,51233,2126
2799,19347,32842,2494
2800,21051,30898,1535
2801,15919,33317,1553
2802,21303,193972,1615
2803,18330,33114,2756
2804,15868,16351,1129
2805,13288,14917,1184
2806,14913,17613,1019
2807,10938,11124,1687
2808,14382,19951,2571
2809,14146,276309,344
2810,5738,5953,294
2811,29963,354804,2407
2812,12614,13008,2055
2813,23379,26743,309
2814,8687,32895,2793
2815,2358,4079,2719
2816,12858,13890,1532
2817,7020,356063,835
2818,14535,16097,1675
2819,27931,29214,1381
2820,13994,17942,1463
2821,24247,58295,2170
2822,22466,25029,2718
2823,18560,59232,2662
2824,7980,8874,898
2825,5661,43565,2401
2826,4385,13537,2961
2827,28451,36081,1946
2828,12461,13387,2373
2829,13754,17733,1498
2830,23593,68868,649
2831,26020,67304,1321
2832,5629,10444,124
2833,2284,21022,88
2834,9668,10662,537
2835,10324,14611,2159
2836,14573,21254,539
2837,16343,18756,753
2838,17833,23663,2999
2839,24990,126030,1597
2840,22190,33328,121
2841,26837,30831,1604
2842,29225,33759,556
2843,23126,102219,2213
2844,18804,22280,2262
2845,25062,25676,1983
2846,19654,191277,1389
2847,24659,26098,2829
2848,28465,435506,1739
2849,4916,17521,1562
2850,24208,39074,1629
2851,8040,30816,2658
2852,15099,585495,1131
2853,2923,3123,965
2854,17497,30648,73
2855,20392,21517,524
2856,28777,32289,741
2857,19877,27936,289
2858,2092,2690,2186
2859,8908,8920,358
2860,24609,36700,881
2861,29682,61026,1220
2862,10810,19818,203
2863,19648,22779,819
2864,24913,26463,151
2865,8703,9167,1439
2866,10736,34656,1746
2867,25144,118050,2965
2868,17752,26068,2740
2869,12807,13193,1303
2870,2345,2994,2649
2871,15255,20598,945
2872,9469,14547,1356
2873,7492,8157,1826
2874,19459,625131,541
2875,22804,25242,2629
2876,5203,19967,2519
2877,8342,11523,2019
2878,28142,45522,1169
2879,5655,6670,2187
2880,21085,27844,2482
2881,3855,5507,2035
2882,18231,19130,2461
2883,3124,4319,2036
2884,6903,9135,1836
2885,5743,6088,38
2886,21998,43077,1955
2887,17972,43591,1324
2888,9885,13679,229
2889,29581,33485,528
2890,14113,16174,2260
2891,3757,8891,983
2892,11382,37908,172
2893,26265,65547,1626
2894,26974,32697,2881
2895,5137,5502,952
2896,23298,24836,420
2897,28457,189802,2396
2898,18145,32077,2058
2899,10745,14758,655
2900,24017,29561,539
2901,6292,9836,2456
2902,7426,20904,1534
2903,6537,6975,2051
2904,10626,19239,523
2905,26049,26137,1650
2906,17595,20516,2604
2907,17869,19238,1609
2908,4110,4635,170
2909,24852,25567,536
2910,1863,125925,2880
2911,29082,40605,2668
2912,20392,21478,1094
2913,88,1655,613
2914,7836,24431,1955
2915,22326,23728,2726
2916,20507,26804,2753
2917,15281,16325,1936
2918,14905,21858,58
2919,16110,46745,2831
2920,25131,55973,1238
2921,1397,72551,1511
2922,24611,27068,1726
2923,151,647,1551
2924,1158,2945,1794
2925,8441,16435,2712
2926,15135,25995,2525
2927,13410,131158,1644
2928,2027,4586,2853
2929,6212,8840,2503
2930,27959,30036,1562
2931,26530,32722,1220
2932,12193,212286,2011
2933,10939,53041,2077
2934,26223,29011,822
2935,28349,31208,695
2936,23492,24015,1630
2937,14347,26222,1368
2938,12843,21743,1846
2939,25296,33891,1663
2940,24435,24927,1635
2941,648,160791,2875
2942,20783,24512,1408
2943,2178,2766,451
2944,24757,70853,2697
2945,17406,27501,1547
2946,29043,37748,335
2947,24944,25185,2889
2948,23492,40178,596
2949,16152,16816,2177
2950,27650,32272,2514
2951,19788,25135,2243
2952,8015,154697,1376
2953,2392,5919,144
2954,12857,13105,1348
2955,20419,35484,1424
2956,28095,41217,2828
2957,16384,41422,2565
2958,3113,5995,35
2959,19626,20333,755
2960,22963,35822,1627
2961,6981,10419,71
2962,29721,31602,1935
2963,24894,1760815,487
2964,19790,21620,1067
2965,7381,77151,379
2966,27006,27660,938
2967,5206,51933,2136
2968,27220,27624,2369
2969,28806,53840,115
2970,19078,28349,528
2971,22796,28069,2513
2972,4924,10284451,1166
2973,4673,36117,989
2974,12378,15764,2499
2975,2012,3075,1476
2976,2875,9246,1035
2977,27288,46737,1256
2978,17952,18043,233
2979,5359,100520,1043
2980,17147,45952,1357
2981,26392,28705,773
2982,660,13133,1744
2983,1989,173998,2998
2984,5532,8972,26
2985,27293,32348,1450
2986,23053,29080,1615
2987,15995,37492,1283
2988,14783,810678,694
2989,51,599,1361
2990,29126,31803,1694
2991,23945,126529,881
2992,13383,17375,2988
2993,13367,33294,646
2994,16346,17559,438
2995,20695,20907,1389
2996,16644,271198,2256
2997,20233,62762,1270
2998,3323,8382,1968
2999,16506,23811,2700
