300
30
0,2083,2462,99
1,1137,1355,114
2,2393,2396,255
3,195,204,178
4,2518,2645,51
5,2732,2736,164
6,870,872,100
7,465,482,262
8,930,2865,96
9,1946,2013,259
10,1351,1503,165
11,1115,1966,96
12,1815,1848,23
13,1119,1188,265
14,442,730,88
15,2740,2744,239
16,838,860,116
17,1064,1467,167
18,254,294,9
19,324,363,267
20,1673,1698,69
21,2096,2132,161
22,1586,1639,216
23,1622,1706,86
24,1469,1484,14
25,317,17604,5
26,213,234,48
27,1895,1936,216
28,2480,3441,5
29,2578,2593,187
30,2356,6034,123
31,2147,2266,42
32,803,819,51
33,2264,6008,46
34,2472,2651,191
35,2950,3053,23
36,1924,1941,103
37,2508,2576,218
38,1730,1736,78
39,1032,1050,251
40,694,1544,103
41,2424,3168,158
42,2647,2688,69
43,1078,1137,65
44,1951,2029,114
45,2894,2913,45
46,2744,2872,238
47,1113,1212,217
48,38,46,145
49,2036,2138,83
50,621,6444,63
51,2518,2692,4
52,492,606,58
53,1443,1493,187
54,2646,3232,77
55,198,364,257
56,2709,3110,176
57,2263,2283,179
58,1385,1910,268
59,2359,3914,296
60,2808,2843,6
61,2773,2821,213
62,1806,1817,207
63,981,1020,204
64,2521,2529,202
65,2059,2104,103
66,1903,1923,253
67,1381,1435,180
68,2941,3997,69
69,1515,1590,9
70,1724,1884,26
71,1451,1464,129
72,2830,2833,118
73,879,990,77
74,1050,1285,286
75,2990,3425,41
76,1256,1473,123
77,1381,1623,77
78,1007,1030,276
79,2981,3762,261
80,2076,2084,93
81,763,799,126
82,1368,1430,154
83,1553,1694,165
84,2450,2457,52
85,1401,1495,267
86,2077,3549,121
87,2116,2121,11
88,1308,1387,15
89,636,709,8
90,2124,2277,120
91,2800,2928,290
92,103,166,162
93,2017,2958,96
94,1344,1774,286
95,2597,2637,29
96,2012,9768,77
97,907,1554,182
98,534,817,184
99,1605,1652,148
100,1983,2002,235
101,290,332,113
102,338,575,289
103,744,1104,16
104,1007,1009,4
105,508,603,198
106,785,9782,249
107,1213,1378,295
108,2734,2744,173
109,765,782,268
110,510,589,222
111,2892,2937,195
112,2005,2699,91
113,2764,2790,140
114,804,858,289
115,369,403,43
116,388,390,224
117,1701,1723,15
118,2669,2680,103
119,1575,1577,84
120,2568,2777,205
121,1407,1447,167
122,2850,3033,56
123,2464,2608,134
124,939,1173,100
125,870,951,124
126,1027,1090,271
127,2980,3022,168
128,921,984,99
129,2434,2610,195
130,1963,2464,54
131,2103,2417,186
132,579,584,290
133,1331,1465,280
134,1819,2877,214
135,430,494,249
136,2498,2708,246
137,2737,2904,35
138,1803,2018,54
139,917,1429,82
140,946,1182,44
141,679,764,141
142,410,1620,62
143,1275,1500,231
144,1948,2033,257
145,2663,2699,137
146,574,1123,247
147,666,1106,261
148,1355,1649,246
149,542,620,51
150,1815,1889,272
151,1107,1247,294
152,2354,2462,246
153,2258,2315,253
154,2716,3105,156
155,2005,6141,77
156,2700,3770,89
157,1602,1672,221
158,1861,7706,161
159,2812,2891,52
160,2970,2976,59
161,1323,1438,122
162,1958,2016,263
163,2664,2725,194
164,659,791,154
165,1095,1156,116
166,2465,2487,219
167,2536,2609,224
168,995,1036,236
169,1321,1406,41
170,2097,2222,293
171,2928,2976,221
172,1071,1076,271
173,852,1186,41
174,729,813,192
175,1816,1828,127
176,2270,2317,234
177,206,2307,68
178,1492,1788,123
179,950,964,247
180,441,867,33
181,2155,2156,267
182,940,2163,266
183,2212,3651,110
184,2395,2457,11
185,2278,7365,104
186,1898,2132,196
187,1085,1088,258
188,602,629,208
189,984,991,173
190,1062,1225,110
191,1382,1482,13
192,2670,2793,169
193,785,950,148
194,1249,2003,167
195,886,1104,155
196,1805,1823,38
197,1600,1617,260
198,449,959,95
199,609,1691,247
200,129,711,127
201,1521,1529,55
202,467,662,18
203,610,650,176
204,276,704,196
205,292,350,63
206,583,594,78
207,1576,1841,219
208,2073,2086,18
209,1896,1990,290
210,2963,3131,292
211,2193,2296,212
212,2531,2557,171
213,2074,2344,296
214,827,1018,295
215,286,341,6
216,1084,1164,115
217,629,1247,83
218,1754,1882,109
219,816,1849,41
220,1530,1911,111
221,1951,1988,4
222,552,713,245
223,655,664,28
224,1826,2000,111
225,2640,3617,286
226,1187,2749,241
227,1348,1349,296
228,785,808,163
229,2467,2479,23
230,2848,3433,186
231,719,720,68
232,2295,2457,138
233,1118,2043,2
234,1952,1963,113
235,1520,1541,192
236,521,583,137
237,672,898,186
238,494,3628,90
239,2654,2729,227
240,2975,2984,204
241,2743,2827,123
242,2187,2205,149
243,2849,4468,261
244,2678,2791,17
245,1050,1279,216
246,1432,1512,261
247,1271,6194,145
248,1545,1547,225
249,725,794,281
250,2787,4135,41
251,2031,2060,231
252,2463,3231,119
253,2517,2564,113
254,2780,2840,268
255,2523,5568,202
256,1833,2486,174
257,2484,2489,212
258,2227,2229,13
259,1163,1520,228
260,2120,2471,243
261,1668,1892,127
262,578,610,154
263,1415,2813,193
264,2482,2531,66
265,1208,1357,12
266,2809,6170,12
267,1288,1353,35
268,1745,1782,151
269,2749,2775,54
270,2781,2872,64
271,1374,1414,197
272,2236,3981,122
273,2954,2956,214
274,453,578,166
275,114,395,87
276,955,966,277
277,2,56,181
278,456,468,168
279,2331,2372,25
280,445,871,178
281,563,878,244
282,605,1785,234
283,134,178,10
284,1695,1899,214
285,1535,2701,214
286,1202,1537,45
287,2176,2227,130
288,980,988,77
289,2486,2505,80
290,1955,1976,61
291,2116,7033,291
292,1066,1104,187
293,2526,2884,243
294,2303,2311,21
295,1003,1227,147
296,1736,1923,202
297,909,933,26
298,2535,2575,139
299,467,569,7
