100
5
0,628,906,27
1,700,721,1
2,202,216,3
3,82,491,29
4,737,1469,15
5,109,120,30
6,534,963,94
7,310,499,33
8,841,956,50
9,293,694,31
10,49,1172,55
11,476,679,42
12,147,1587,87
13,403,425,85
14,728,1793,27
15,898,2909,14
16,842,894,17
17,837,1601,34
18,64,123,99
19,649,709,32
20,532,547,71
21,378,1851,51
22,156,162,40
23,769,14187,13
24,282,805,69
25,63,4958,78
26,86,87,68
27,961,1084,66
28,474,9673,52
29,249,10442,26
30,413,891,97
31,232,281,75
32,379,506,71
33,101,388,87
34,741,68948,91
35,514,661,1
36,945,1093,16
37,477,1052,94
38,901,1680,21
39,49,441,73
40,653,655,51
41,322,347,85
42,520,1409,11
43,503,2746,97
44,794,1117,85
45,830,1000,79
46,968,5391,59
47,409,443,26
48,441,453,87
49,438,3690,27
50,352,398,37
51,538,6993,50
52,564,607,12
53,181,237,97
54,63,104,96
55,963,1057,37
56,4,1728,52
57,327,1577,80
58,631,1351,96
59,717,964,14
60,677,699,24
61,149,303,99
62,325,365,46
63,395,435,93
64,676,692,91
65,181,373,75
66,625,1323,11
67,226,322,27
68,547,2075,98
69,933,18710,82
70,688,1173,1
71,22,14337,61
72,313,703,15
73,115,4472,66
74,116,140,20
75,239,443,87
76,691,702,96
77,781,802,73
78,221,568,88
79,16,7064,17
80,777,1393,68
81,601,638,77
82,830,1760,61
83,341,1815,18
84,932,1671,94
85,772,809,24
86,197,202,39
87,135,9175,99
88,413,659,68
89,956,1729,19
90,598,688,16
91,802,1134,87
92,652,8209,81
93,508,509,87
94,245,298,98
95,636,750,23
96,543,706,42
97,253,784,61
98,191,193,8
99,454,619,66
