50
2
0,345,405,42
1,125,387,38
2,248,249,10
3,436,3413,22
4,222,1493,3
5,260,270,28
6,316,713,37
7,233,1763,25
8,71,242,15
9,51,1843,30
10,146,530,29
11,274,332,38
12,426,845,14
13,211,352,47
14,399,507,21
15,230,1169,5
16,462,1419,47
17,74,875,1
18,497,632,9
19,386,1197,32
20,370,684,11
21,317,414,3
22,383,4321,2
23,264,9472,20
24,200,211,17
25,251,1531,32
26,257,412,32
27,344,891,35
28,406,461,36
29,425,5625,10
30,316,337,5
31,98,1251,6
32,240,338,41
33,325,977,47
34,156,313,34
35,290,591,3
36,77,646,7
37,96,113,31
38,465,1671,26
39,345,396,40
40,219,2431,17
41,362,557,48
42,408,626,2
43,337,370,33
44,347,442,34
45,50,195,23
46,416,6834,14
47,68,1482,32
48,76,1701,29
49,360,454,33
