300
5
0,1742,5651,257
1,1458,2534,195
2,1152,1473,145
3,2,9,222
4,2094,3247,249
5,2143,2229,156
6,2604,88622,185
7,2033,3357,25
8,2393,2541,98
9,98,1009,244
10,2496,4859,257
11,1332,1835,188
12,2803,4823,113
13,1628,8144,216
14,1391,2760,165
15,101,582,155
16,988,1190,110
17,1610,1861,216
18,1670,2019,71
19,796,850,100
20,61,111,78
21,1963,2055,237
22,2452,3606,100
23,1699,2524,271
24,2425,2858,92
25,2716,17573,235
26,486,640,286
27,2869,3821,282
28,895,992,66
29,2910,3620,123
30,2918,4958,186
31,153,11973,126
32,2870,2980,24
33,1204,1407,57
34,2275,2519,223
35,2306,2383,198
36,570,2633,129
37,299,518,166
38,129,1140,129
39,1766,1802,104
40,198,7737,134
41,2146,3836,55
42,2854,2929,234
43,752,3075,96
44,2124,2277,282
45,1836,2160,153
46,2698,43256,172
47,270,2551,283
48,1061,5445,244
49,833,2422,280
50,2764,2862,270
51,1427,1571,264
52,2134,5411,295
53,1559,1959,108
54,1745,1924,147
55,376,437,137
56,1647,1786,226
57,2084,4047,200
58,272,404,140
59,791,8255,263
60,2077,6669,212
61,1024,18897,287
62,2401,3084,218
63,2687,2951,81
64,572,2215,39
65,846,2145,212
66,790,972,27
67,680,790,1
68,2354,2528,97
69,2161,4280,211
70,1492,17565,110
71,172,4617,67
72,508,565,158
73,914,1044,206
74,2487,2531,251
75,375,400,178
76,2749,2759,153
77,4,1495,185
78,1493,2019,256
79,1678,38919,139
80,2721,15376,192
81,2779,2800,136
82,2324,3339,119
83,2930,3187,235
84,2380,4647,221
85,1792,17888,47
86,1244,1891,187
87,2623,3040,7
88,591,3800,293
89,1480,6251,255
90,2909,4242,292
91,2126,2180,5
92,1010,1743,80
93,1378,3705,121
94,371,540,108
95,2313,2364,36
96,2747,6487,72
97,380,382,203
98,120,3905,55
99,2294,115239,177
100,1583,1655,8
101,518,1274,282
102,2467,2733,17
103,2380,2742,181
104,2310,12171,287
105,1712,1851,40
106,2926,2971,222
107,1826,2412,86
108,1141,1650,6
109,1045,11667,184
110,59,118,103
111,430,1070,286
112,2989,3696,269
113,1982,2630,220
114,2222,2290,179
115,2576,3743,288
116,570,7997,292
117,546,1331,251
118,1445,2281,44
119,1828,6543,230
120,1012,1835,2
121,2479,2506,119
122,2707,2761,78
123,964,3197,149
124,2274,2316,2
125,1504,1592,55
126,1117,1652,187
127,1202,1266,292
128,2105,2169,69
129,1496,1567,19
130,2626,2847,235
131,448,3691,234
132,2923,26032,64
133,2084,2340,196
134,278,333,74
135,1263,1581,135
136,1121,2041,273
137,140,697,222
138,2636,3640,207
139,71,102,161
140,2720,2899,201
141,1211,2286,200
142,197,1436,157
143,1685,1971,61
144,2893,3213,57
145,2518,7863,147
146,2976,3013,20
147,8,268,216
148,2777,6099,121
149,1816,1945,8
150,1069,2396,184
151,1095,1868,197
152,1814,2227,240
153,614,1271,27
154,2454,3115,209
155,2378,3887,152
156,1874,2415,73
157,26,15193,202
158,2655,7680,99
159,1055,3123,236
160,1813,1947,142
161,464,3235,32
162,2377,2489,98
163,1696,1858,132
164,1944,4947,93
165,2116,2968,118
166,865,6264,156
167,1410,2299,285
168,209,298,97
169,1373,3822,74
170,2657,30305,167
171,1919,2271,250
172,1488,83260,16
173,2766,3169,117
174,1235,2520,65
175,865,873,239
176,1125,1878,69
177,1670,3272,5
178,785,908,5
179,2162,2474,89
180,1767,3605,212
181,934,3224,284
182,360,22234,212
183,2289,2523,106
184,465,495,28
185,228,1909,25
186,955,6887,33
187,1779,2316,59
188,297,558,251
189,531,858,113
190,2147,2319,224
191,2746,2911,72
192,773,967,186
193,87,320,1
194,620,3012,228
195,2900,3310,99
196,1156,1376,162
197,2133,9612,180
198,1751,2677,224
199,1575,1627,149
200,1419,2119,258
201,526,2510,49
202,2469,5682,90
203,1567,1924,73
204,2460,2526,183
205,1079,1817,145
206,2050,2064,37
207,1032,4427,241
208,2550,4759,222
209,2922,8203,34
210,792,4218,293
211,2979,9985,273
212,1748,27111,20
213,2882,4955,297
214,2145,3283,222
215,1974,2391,103
216,888,1583,86
217,432,1077,260
218,2414,2446,31
219,1025,10799,252
220,949,2159,238
221,531,1435,27
222,1206,9286,276
223,2296,2329,195
224,1904,23184,84
225,1884,2135,142
226,2966,4996,228
227,215,547,87
228,709,54575,180
229,2761,48842,175
230,373,1003,258
231,1851,3212,60
232,2190,16117,214
233,2621,2899,84
234,621,3425,205
235,587,2138,213
236,1629,2860,79
237,2150,5631,100
238,2577,35340,115
239,1549,1649,62
240,666,956,90
241,2384,2418,213
242,1436,1503,27
243,669,734,228
244,104,1413,138
245,2383,3014,299
246,1887,2059,110
247,2732,4536,184
248,1571,2544,284
249,1614,1770,238
250,2660,2668,54
251,1061,1084,118
252,1469,1529,258
253,2393,7182,219
254,2270,4570,299
255,1665,2921,18
256,2150,2264,83
257,2590,2815,140
258,602,863,207
259,691,1422,21
260,1653,4583,254
261,135,261,22
262,1513,2306,35
263,1145,20422,130
264,2298,2431,187
265,1783,5928,66
266,1563,8130,168
267,1021,1227,171
268,1263,2129,197
269,102,4864,262
270,1319,2426,235
271,1773,4480,41
272,529,857,204
273,2375,27425,89
274,1356,2911,12
275,210,8170,85
276,475,2667,154
277,587,821,163
278,1455,7750,227
279,2920,5246,141
280,681,1228,52
281,780,894,261
282,313,1583,289
283,1881,14027,131
284,2921,3252,145
285,2939,3374,98
286,38,785,295
287,230,450,191
288,2335,2591,139
289,2215,3157,168
290,1425,33382,254
291,2012,2435,285
292,1907,2032,220
293,384,1176,247
294,1481,1838,274
295,2767,2885,124
296,2777,3171,145
297,1236,5150,113
298,2338,3476,270
299,1932,22429,268
