50
8
0,447,448,48
1,149,167,16
2,176,273,13
3,451,458,21
4,255,296,17
5,398,506,40
6,458,811,46
7,234,325,18
8,323,397,3
9,396,1662,7
10,135,139,49
11,439,697,24
12,441,489,40
13,2,34,38
14,125,823,38
15,113,1342,36
16,393,1281,10
17,296,425,40
18,470,991,36
19,141,149,30
20,258,16503,32
21,401,408,43
22,386,437,28
23,150,185,40
24,160,224,11
25,463,1193,3
26,249,723,11
27,437,1068,8
28,237,256,36
29,392,501,1
30,216,381,4
31,377,479,39
32,215,247,11
33,3,13,42
34,47,95,33
35,416,582,1
36,59,2566,5
37,384,426,21
38,333,390,49
39,251,387,26
40,157,192,32
41,87,99,10
42,125,128,10
43,450,461,15
44,64,124,5
45,396,406,25
46,283,906,45
47,373,375,41
48,107,113,16
49,353,430,10
