3000
30
0,23930,24290,1124
1,12247,12286,462
2,22792,24195,2461
3,21806,22901,219
4,14917,19843,2419
5,14763,16129,1914
6,12788,13267,2321
7,22648,23242,1013
8,8445,8762,2448
9,22811,23152,1549
10,5194,6457,920
11,7104,8714,2749
12,8731,8750,1688
13,27517,27950,2104
14,10335,10504,2806
15,13886,14479,910
16,767,2568,1770
17,2406,30444,936
18,28845,29048,356
19,22547,22563,2052
20,14545,21466,408
21,21708,58319,2688
22,5496,34517,2581
23,25013,25086,2618
24,3908,3914,930
25,4897,5193,1821
26,15050,16565,2310
27,25967,29654,1211
28,7973,14772,380
29,29613,34631,2967
30,4769,5795,1007
31,779,819,1985
32,24465,32226,2007
33,26705,57615,1917
34,23979,26455,1479
35,26215,26274,2854
36,22267,45822,1764
37,9546,10165,2918
38,18615,25520,587
39,7249,7310,925
40,3792,4095,107
41,10714,13262,2249
42,107,192,2828
43,14647,16845,2409
44,23115,176307,2754
45,5872,24359,2157
46,25060,25287,1573
47,1666,1888,689
48,11593,21267,843
49,2240,4070,145
50,4247,9263,2260
51,10043,10868,1565
52,15417,22313,1907
53,21920,38656,2678
54,809,1896,910
55,21723,58522,448
56,6561,9635,698
57,9176,9206,2351
58,8996,47405,2533
59,6307,7117,1611
60,2799,21383,1812
61,24727,26136,1929
62,21263,21646,2425
63,5354,16686,2723
64,15365,15511,2718
65,2722,4166,1247
66,16788,18000,2264
67,23781,25250,752
68,10467,11094,1907
69,26615,35857,865
70,21060,22497,1237
71,16398,16676,1347
72,18045,26751,1026
73,9786,23855,2328
74,28806,58551,2122
75,25487,40341,1623
76,25736,25775,1801
77,9743,10221,2613
78,867,9198,207
79,20679,29081,2048
80,18960,21033,1961
81,2756,6473,985
82,13868,13962,2847
83,13276,14691,54
84,19650,20479,849
85,21342,21824,1531
86,450,571,1718
87,21422,44249,19
88,27401,33737,1720
89,11160,12000,1957
90,22481,27883,1852
91,28861,31709,2645
92,16334,20052,521
93,25317,27158,2700
94,677,2521,118
95,7256,7799,1040
96,21695,24248,2112
97,8924,11139,2172
98,20406,22061,2641
99,13529,13576,861
100,28992,31691,892
101,2696,3603,373
102,14667,17486,2611
103,19379,19653,303
104,28846,29746,2726
105,495,511,504
106,7398,8406,2296
107,5210,5338,632
108,29572,30163,954
109,17911,18527,1392
110,20015,179703,553
111,23739,23899,2574
112,29083,30483,12
113,9784,9969,2580
114,23804,35854,1499
115,28920,29115,61
116,8726,9482,822
117,21193,96555,895
118,18988,42871,1379
119,26791,32738,105
120,3588,3593,1163
121,24918,25661,2677
122,24396,24716,1563
123,25226,27128,2128
124,3624,5729,1520
125,9254,9605,945
126,23186,23423,2939
127,23240,23668,251
128,5179,12387,106
129,3372,11061,2790
130,16405,16444,1711
131,6347,6580,397
132,18381,21727,1435
133,9637,10131,968
134,21645,268771,2758
135,20421,20665,2279
136,18502,21910,523
137,17013,44811,2352
138,4931,6726,934
139,2942,3389,1856
140,20298,24376,1261
141,5014,36801,2609
142,6243,6529,347
143,22944,23061,2002
144,28138,38992,1148
145,23461,24119,1856
146,23874,24159,2113
147,1287,3636,2210
148,27706,27785,816
149,17382,43155,425
150,27317,51308,10
151,26314,26560,1406
152,3152,4188,2279
153,29902,29944,1359
154,13692,13743,1957
155,11235,13325,2392
156,21986,22757,2390
157,21610,114356,1152
158,2014,2198,2245
159,23988,24179,410
160,16213,16996,2984
161,28096,28442,1062
162,26652,44126,1376
163,18929,19223,1333
164,4842,5421,203
165,5823,12183,304
166,13305,13447,1089
167,13710,16896,2369
168,21247,23092,819
169,23477,23602,186
170,7489,7515,2669
171,10614,11122,1424
172,4902,7309,2802
173,22987,24851,1904
174,24140,24944,916
175,11418,14904,486
176,7609,14269,2204
177,29396,60608,1831
178,17769,19127,2151
179,5154,7012,931
180,10636,11106,2174
181,28906,34298,354
182,8068,10534,2154
183,18950,19104,2555
184,5977,34795,1372
185,19892,24948,2495
186,2420,7405,757
187,8029,8117,1000
188,3085,112156,89
189,23811,25128,1669
190,5116,5268,2436
191,26909,27407,521
192,20174,20299,1560
193,11764,12284,57
194,24838,25600,1000
195,3339,3371,2521
196,7499,7597,2929
197,22885,22942,2179
198,20439,20952,1391
199,9871,9993,2458
200,16411,16732,534
201,1204,2076,303
202,27981,28800,2616
203,11545,19427,2913
204,20803,21145,2104
205,4217,4993,1944
206,16625,23173,2967
207,2943,3074,1445
208,18569,19073,2045
209,1496,2290,1583
210,21339,21462,133
211,14819,29069,2632
212,4875,45557,2734
213,17815,18398,2154
214,16165,16432,704
215,27598,29098,2322
216,6460,6980,600
217,7960,9192,233
218,14110,14497,2050
219,1901,6986,2634
220,8364,160035,656
221,25498,25911,2607
222,6857,6921,871
223,22530,24422,911
224,15831,16047,889
225,12965,47770,149
226,1516,5969,1746
227,21748,21800,2115
228,2418,2852,628
229,28313,29631,2271
230,27102,978446,1366
231,23647,24305,2446
232,28975,29415,675
233,20302,20937,1702
234,6845,6927,2890
235,453,984,2521
236,11029,20606,2100
237,19960,20774,143
238,26324,26985,804
239,13542,14457,2938
240,6294,11465,1985
241,8689,10107,2685
242,22263,22486,53
243,14951,15842,2628
244,20783,20847,2064
245,10799,24365,388
246,20498,25662,2939
247,1626,1963,2727
248,16110,17291,33
249,27292,45496,1663
250,10847,10907,901
251,22490,22526,1036
252,5590,5614,1114
253,25176,31334,2536
254,8452,8484,2148
255,29987,31540,1368
256,13000,16176,465
257,7483,8121,2780
258,24868,24960,42
259,338,409,2112
260,7515,7973,336
261,2033,3348,2678
262,11200,44944,35
263,9848,10178,2276
264,26998,28127,169
265,26005,40103,2687
266,29118,29374,1528
267,2982,5544,670
268,16854,32845,2969
269,19929,22920,1297
270,19872,24493,848
271,25094,41996,1419
272,19685,44694,1448
273,1753,4214,2256
274,2999,3798,1701
275,19079,29311,1073
276,15490,62235,545
277,4374,6336,2599
278,9240,12591,423
279,3420,3489,2737
280,19465,19858,398
281,4065,6948,1798
282,28777,29839,852
283,28083,28430,2838
284,25518,28575,2296
285,1036,10437,756
286,8609,8975,1070
287,16547,17879,1776
288,28476,32548,646
289,24231,24472,1260
290,6571,6628,2619
291,10888,26202,1545
292,24564,25111,1459
293,8187,8937,1630
294,23428,160484,2272
295,2006,10493,773
296,19674,22975,1153
297,9882,9997,1947
298,25338,26026,1197
299,6354,20352,562
300,5141,7564,230
301,12426,16392,985
302,17166,18464,2731
303,25535,25584,63
304,3669,4605,1339
305,140,3994,2917
306,22176,22478,2458
307,22989,27631,1165
308,16337,17296,259
309,11862,18697,2071
310,6476,7053,2139
311,12598,13048,2146
312,10677,10745,1129
313,22597,25072,1697
314,7067,7316,1886
315,928,945,309
316,29302,41468,1259
317,11852,29373,2229
318,24087,24389,1974
319,218,657,141
320,1941,2820,2915
321,28077,28925,57
322,21499,24448,1348
323,20031,20201,1843
324,28114,43371,2570
325,13435,23201,1206
326,26204,32620,2636
327,19320,19972,1188
328,10275,14118,1598
329,27041,28439,1451
330,11565,75886,876
331,19362,19721,641
332,29432,30893,1124
333,25585,28857,2374
334,10336,10621,2367
335,28896,29237,2676
336,11854,11951,2873
337,15772,63535,337
338,2953,10620,1704
339,20848,21516,210
340,21429,23803,1861
341,13801,13824,1649
342,18623,18977,1037
343,2731,2870,1991
344,12789,13807,1770
345,4588,16140,975
346,24455,24585,195
347,28238,150932,1252
348,10854,22997,2428
349,28628,28886,685
350,16497,17635,842
351,5035,5758,1492
352,11608,11828,2007
353,2458,2758,356
354,17004,24103,1164
355,10636,11549,2186
356,9106,9278,2986
357,9045,9601,261
358,18474,20001,134
359,23737,23982,313
360,27764,27977,1772
361,28158,31714,2982
362,2977,3678,281
363,25606,29078,24
364,490,1043,2334
365,25566,27934,2134
366,18447,22494,413
367,12741,14240,1778
368,28342,28374,610
369,29413,29576,958
370,24512,36837,2148
371,24247,24506,973
372,4954,5010,561
373,11670,16547,1513
374,6628,8464,2589
375,2324,2359,1001
376,27684,38940,1342
377,22637,22716,540
378,941,1549,696
379,29926,31583,2452
380,2818,2899,2618
381,15246,15458,2332
382,6792,6870,683
383,2552,3601,2460
384,4961,5381,1417
385,27364,30842,1590
386,22503,25505,1284
387,16159,16213,2530
388,11489,11535,479
389,7371,8649,745
390,24604,28888,1888
391,25882,36286,588
392,21718,22401,2348
393,7620,14032,1607
394,19624,19677,1527
395,29381,29628,1248
396,5652,16747,251
397,29003,29572,2693
398,7485,10144,2944
399,28162,122703,2313
400,11865,11888,1123
401,13873,14281,654
402,12704,16607,504
403,25759,26429,1406
404,5002,13788,1850
405,27791,27863,2775
406,21070,63022,2654
407,2328,2335,2372
408,5046,17021,2799
409,10182,10541,210
410,10403,10654,1798
411,8703,8847,61
412,25209,27858,803
413,19679,28980,2268
414,924,1138,1138
415,21339,22865,852
416,25107,26180,898
417,28037,28744,2203
418,8826,9174,438
419,9323,10623,2390
420,29874,29889,2195
421,11814,13738,2441
422,19320,23693,2514
423,5700,8593,200
424,28470,32860,2484
425,3753,3897,901
426,20012,21714,2894
427,22004,22079,316
428,14692,61054,1765
429,15381,15935,2007
430,15171,15659,836
431,15856,18437,1748
432,19967,21231,632
433,29734,30572,218
434,5071,5144,661
435,25198,25240,509
436,23073,25452,1089
437,6010,9670,1650
438,16202,17151,1809
439,25708,25842,2466
440,1942,2261,577
441,19773,21971,1602
442,7510,8118,2924
443,8084,9144,1560
444,22279,22290,2999
445,5303,7030,1531
446,3382,5541,1932
447,23094,23469,210
448,19708,19966,195
449,1515,2926,1975
450,19319,19496,479
451,10637,14204,162
452,14296,15176,443
453,18082,77830,1286
454,7822,12255,1097
455,17822,21194,194
456,618,671,1289
457,940,7343,1427
458,3666,22608,1262
459,13012,13190,2049
460,18303,19041,1494
461,21944,22275,608
462,24527,29894,1384
463,15172,16187,874
464,4213,5563,970
465,13564,17802,286
466,26173,26978,2409
467,10405,10472,2064
468,28330,28641,1696
469,8900,15367,2654
470,5206,19581,902
471,14605,68641,2044
472,4241,4755,2380
473,22990,23836,1403
474,251,840,2439
475,13156,13328,1400
476,18948,39882,1236
477,11683,23134,1364
478,8968,9424,477
479,6534,15311,1704
480,24570,24792,1718
481,3964,4429,1085
482,22576,22856,584
483,22011,22325,1847
484,3022,4127,1027
485,18263,18362,2966
486,24092,25210,2065
487,1547,1738,1223
488,29207,30103,1258
489,10728,13418,2453
490,11918,12164,1021
491,26356,28443,299
492,22067,23349,1911
493,29748,30153,383
494,16486,16970,111
495,1022,4878,886
496,21409,21444,635
497,6997,7129,782
498,1386,1591,478
499,28089,28576,2782
500,26745,27079,1198
501,14253,15904,874
502,18713,144718,170
503,17922,18891,426
504,16783,18153,340
505,5599,10147,1282
506,24244,25788,1533
507,10486,12493,1818
508,15809,16883,2069
509,12715,28236,2420
510,10873,11504,166
511,28026,28960,2133
512,5998,17961,668
513,7258,7388,1873
514,6797,7429,1026
515,27661,29177,2694
516,17877,19071,585
517,27905,28495,1400
518,16082,48123,1931
519,22675,22906,124
520,5757,12162,1316
521,20881,21243,757
522,25080,25267,1966
523,25119,25599,2005
524,23330,28325,2014
525,19947,20264,1365
526,17845,20275,1026
527,16212,37667,1033
528,18726,21559,1918
529,15190,19111,100
530,19916,20595,117
531,27255,31531,1543
532,23858,24208,2486
533,18357,18495,958
534,23502,48606,1715
535,15068,22244,1408
536,29717,29758,1528
537,21847,33838,485
538,21030,21278,1497
539,21758,22246,2607
540,19420,19684,159
541,16858,16890,1473
542,12016,12033,2178
543,9111,9175,2338
544,9954,11404,149
545,23043,23065,670
546,27895,28288,134
547,20422,20448,599
548,5258,5584,1650
549,15848,19377,942
550,13688,13863,2319
551,24533,26570,2245
552,20044,26910,2611
553,10453,19732,379
554,3584,4402,1295
555,20906,24945,2127
556,28964,30268,182
557,14764,15472,2230
558,14228,14443,1480
559,17345,18055,281
560,25938,75474,879
561,713,858,2033
562,18360,251657,1001
563,10731,10920,1611
564,3888,5755,223
565,20497,20773,24
566,17200,17441,977
567,7811,8139,2273
568,27453,27658,1786
569,22039,22539,513
570,4112,4132,9
571,27889,46781,2484
572,5453,6571,1863
573,28086,28150,590
574,26713,26857,957
575,25076,25402,2362
576,15028,15514,1754
577,2837,3289,727
578,6975,6993,2311
579,17282,19024,1138
580,25854,34610,2988
581,16733,16839,943
582,306,338,1846
583,9288,10459,695
584,24636,25749,1234
585,24299,25495,2408
586,22400,55594,2379
587,11816,13067,30
588,18841,19004,2024
589,8041,16081,351
590,22508,24020,1405
591,3085,3181,1464
592,5965,6518,1144
593,29842,35021,1799
594,12591,13276,2325
595,1485,6935,1092
596,1694,9408,1009
597,5735,6314,2323
598,26560,31930,2845
599,2308,3408,1934
600,27421,30078,2256
601,9080,10260,1908
602,4091,7146,1962
603,1908,2131,1435
604,8369,8759,1262
605,306,326,2362
606,3304,3403,625
607,23920,26827,356
608,27620,27741,1738
609,18582,20229,2899
610,1215,1250,849
611,14549,32360,1830
612,25160,33921,895
613,10135,10224,930
614,3889,4526,131
615,9054,11309,993
616,25242,25934,1585
617,20491,20591,1155
618,4532,5631,2710
619,28728,30975,1203
620,11387,12314,1087
621,14801,19470,59
622,22367,22689,2475
623,1791,39475,2273
624,4783,6146,2826
625,25529,31410,1252
626,26936,29298,58
627,15741,20413,2311
628,24221,34179,1824
629,6581,7909,641
630,25645,25813,421
631,25663,26051,1215
632,8373,10072,1236
633,23930,49191,2967
634,4880,5529,2884
635,26514,26661,526
636,24517,25401,2731
637,20072,20081,2601
638,4362,4449,2286
639,2112,3436,2468
640,625,891,344
641,22577,22618,1072
642,26243,27517,93
643,18865,19606,2224
644,344,4373,2277
645,7565,7852,1959
646,28956,29181,1474
647,1317,10676,447
648,12923,12946,1234
649,25551,25844,470
650,18210,18410,271
651,21814,22329,2184
652,7080,7630,2695
653,20564,23696,829
654,29179,30106,1857
655,10607,12715,817
656,22975,23395,1810
657,17242,18414,2597
658,10460,10734,1033
659,8492,10071,1090
660,27810,28880,1223
661,28674,29199,1164
662,23072,23668,2524
663,8940,9714,418
664,6333,7221,1763
665,19724,32490,452
666,23923,24384,1196
667,13761,34624,324
668,26737,27852,570
669,11643,11694,2713
670,17836,19013,2067
671,11228,13596,2420
672,28306,28312,2254
673,16783,20589,1531
674,7446,7485,1112
675,19298,19306,1632
676,23634,74925,2197
677,7783,15032,2540
678,1285,3757,2086
679,888,1570,1206
680,4282,4362,672
681,20224,35032,2211
682,5633,10655,2740
683,14031,20301,2538
684,29662,30051,368
685,27430,27717,1788
686,23384,1121768,1300
687,28118,31454,1183
688,3499,5402,1323
689,16346,30195,2445
690,26055,29065,2047
691,13931,24057,599
692,23707,25262,2534
693,4484,19088,420
694,7880,8787,606
695,29768,31049,1106
696,23307,26842,851
697,20317,23420,1927
698,2742,5459,2048
699,18607,18869,2938
700,6438,8581,2405
701,18953,21027,2432
702,4268,4838,2279
703,5913,6432,2348
704,9293,9494,1569
705,15779,15971,972
706,6862,7870,918
707,21410,94697,1122
708,12798,17535,586
709,21387,21916,2893
710,29340,29636,1334
711,3117,48566,1553
712,12291,12880,1008
713,6022,6060,565
714,27452,28427,2072
715,16010,16266,1923
716,784,2485,636
717,10355,11647,1444
718,16276,17351,1931
719,9225,9534,1808
720,28611,31796,129
721,22055,22645,2289
722,10124,16093,885
723,27567,27590,2952
724,24903,25384,2480
725,1905,2827,319
726,28793,29680,1273
727,20599,36313,897
728,5063,22904,1461
729,9398,9767,1809
730,3503,4417,1740
731,26894,27769,644
732,11861,12301,1207
733,25952,33517,2387
734,23562,23964,2396
735,22750,24675,2687
736,11623,12220,968
737,1812,1966,177
738,23463,33698,1102
739,1123,13908,2811
740,14508,17279,766
741,18217,23021,2452
742,23609,49551,688
743,15340,23350,1151
744,23692,31186,988
745,16173,16869,1576
746,7661,7859,749
747,29103,36008,1411
748,29696,33705,2379
749,6428,6638,1427
750,26690,28717,370
751,14907,18460,2627
752,4579,5715,1745
753,2168,2247,1921
754,22039,22108,2436
755,9316,9365,2194
756,1526,10057,2895
757,3984,4350,1897
758,27566,27634,267
759,23779,24796,762
760,18277,26128,1213
761,25332,28472,203
762,14828,46254,369
763,3506,8947,1306
764,25951,30866,700
765,7022,10807,1693
766,27375,27421,1985
767,27160,30335,2810
768,7579,7731,1362
769,15977,16385,2552
770,12687,24597,2580
771,14041,14091,2430
772,18090,19473,1648
773,6172,8660,919
774,6227,54359,2589
775,25262,25398,2393
776,22820,23261,2315
777,27391,30039,2604
778,18319,20775,846
779,19404,24681,2982
780,20872,20943,2793
781,11401,11950,2243
782,18718,24458,1776
783,22138,25539,745
784,7844,8552,1542
785,11356,16198,483
786,5127,5183,1314
787,4102,4261,1936
788,12202,16805,1421
789,14923,33887,1214
790,1379,1425,1447
791,4625,5447,1543
792,23396,23570,1699
793,25995,26082,244
794,29427,40798,2782
795,17935,18031,1720
796,18921,19470,2217
797,6431,12841,2524
798,1273,3377,1836
799,11455,35116,1527
800,5481,25462,1937
801,12853,39870,324
802,7661,7886,1305
803,12591,12620,1553
804,21920,25956,199
805,20532,20730,683
806,4600,4884,1213
807,25249,25414,296
808,22273,25087,1966
809,6731,7445,170
810,11733,12237,2627
811,29116,30059,2802
812,29705,30448,773
813,18023,18123,1100
814,21834,22988,2206
815,26364,27102,1961
816,21829,32719,737
817,9508,9573,1341
818,6818,6876,1147
819,5146,45979,1079
820,18079,18266,1987
821,25224,25925,2026
822,6601,6981,2482
823,7737,15183,2301
824,6988,9724,2900
825,17888,39917,1126
826,25654,26485,2182
827,10255,10711,787
828,5334,7069,2267
829,2526,3013,594
830,1566,2096,116
831,25180,25279,597
832,20,8996,462
833,18320,19798,2147
834,3118,4402,726
835,27529,40082,1844
836,11180,11187,2366
837,13555,14978,247
838,12115,12554,1439
839,14595,14730,1228
840,25697,27252,222
841,6777,6894,611
842,3285,3338,221
843,1004,2347,1020
844,19774,19815,1726
845,28357,29302,667
846,22137,22467,771
847,10423,10428,1247
848,5098,5300,1321
849,13292,16568,1229
850,21567,22155,296
851,27093,31283,725
852,18919,20836,1932
853,3398,3455,2085
854,10495,11091,353
855,18995,32035,1266
856,29662,31613,1315
857,23476,25220,1660
858,14500,14674,1254
859,13946,17205,2443
860,20729,20776,839
861,2378,9537,1255
862,28923,29181,1174
863,9334,9366,821
864,19832,31709,699
865,29466,30171,1311
866,26908,36368,1533
867,15802,16163,1974
868,25656,37081,2101
869,17452,26431,1577
870,14709,14984,850
871,15421,15468,1839
872,13744,21758,1962
873,15722,27937,2731
874,28797,28801,536
875,3489,3906,2395
876,24544,24986,2944
877,4398,5468,1680
878,8170,8188,687
879,4261,4275,1088
880,12824,12914,1783
881,2298,2442,159
882,13841,13950,2349
883,203,228,1184
884,27272,27279,1937
885,8908,9016,195
886,27116,27207,1970
887,17110,17802,1654
888,12284,46400,174
889,19109,19633,1323
890,3618,3703,1141
891,21276,54305,1444
892,24269,35534,565
893,4715,5136,2038
894,11912,12189,2047
895,5773,6226,178
896,22695,22830,1479
897,14335,14511,318
898,13272,13664,557
899,5240,6121,978
900,25247,28716,804
901,22666,28798,1606
902,23064,24044,324
903,22999,23062,81
904,8742,10737,1307
905,6187,7647,46
906,6220,9427,2761
907,29609,35785,2279
908,23558,24852,1724
909,16110,20184,302
910,14465,14902,1623
911,23001,25238,625
912,17179,20597,1
913,19086,19194,1085
914,23470,27372,2102
915,3244,16714,662
916,24741,41180,1481
917,25321,25392,1877
918,6097,6578,1907
919,25498,25782,1962
920,29033,29452,2472
921,21791,37545,768
922,15948,38961,458
923,7459,11455,1671
924,7565,7929,2382
925,29443,29704,1735
926,7848,9107,2451
927,28799,46180,990
928,7972,8679,1198
929,12438,13468,815
930,14516,16885,2793
931,23716,23869,2393
932,24121,34291,283
933,5568,21638,1801
934,7322,7828,1302
935,27237,63874,2100
936,598,1724,1033
937,25449,25538,693
938,7171,7530,1485
939,18953,20490,476
940,15808,15829,694
941,5073,5592,1756
942,10508,11890,303
943,14876,121563,2070
944,26190,26836,2054
945,1993,2493,2374
946,3979,4546,1243
947,3366,3650,724
948,8382,10517,2263
949,29177,29733,8
950,3847,4274,1577
951,11837,26391,2131
952,28659,38330,841
953,4898,7189,1556
954,17334,17944,1365
955,6596,6886,410
956,16412,39597,1895
957,26114,26247,2398
958,20639,25929,720
959,2081,4668,1690
960,760,8905,18
961,19661,19699,150
962,28878,29211,1469
963,19944,20073,1609
964,9541,9808,1288
965,10021,10498,1184
966,9709,9833,1522
967,17287,862762,1789
968,1941,1983,861
969,17311,25834,1356
970,19748,20876,2937
971,608,785,1889
972,25515,26359,2961
973,26857,27693,2692
974,28977,30996,1070
975,7563,7645,1763
976,619,10348,2926
977,25349,63229,623
978,2569,2702,1892
979,11497,13218,2196
980,2512,2829,1628
981,16725,16739,2310
982,28419,31522,819
983,10407,10646,281
984,7716,24906,625
985,21208,34080,1235
986,14661,14727,2445
987,6212,6256,1340
988,27512,29512,2997
989,1495,2048,67
990,2947,17345,2296
991,8712,9604,2472
992,11203,14232,1009
993,15254,16391,868
994,27133,27422,2317
995,28671,28741,2788
996,25742,26530,2251
997,12066,17675,997
998,24046,24508,523
999,18505,18741,51
1000,4014,4242,53
1001,20590,20633,2673
1002,21121,21409,1288
1003,4962,6139,2447
1004,23414,23583,1895
1005,15843,15888,2129
1006,2310,8453,1782
1007,25980,26292,2449
1008,479,3893,1690
1009,8676,8941,2194
1010,10393,10763,2113
1011,16223,16246,452
1012,17846,18011,1841
1013,20681,44147,2291
1014,8478,10317,1219
1015,206,732,2748
1016,207,708,95
1017,25258,31331,1952
1018,1519,1600,2034
1019,10950,12427,2024
1020,25290,25743,459
1021,12282,14398,2391
1022,15758,16235,1946
1023,18712,18887,2929
1024,4972,19293,1337
1025,27585,27997,2019
1026,25420,34973,1592
1027,8098,22029,1884
1028,17767,18873,1173
1029,29323,29732,324
1030,22501,22636,596
1031,25206,29009,269
1032,10898,19238,96
1033,15209,15608,2651
1034,9751,112875,2637
1035,27944,28075,1620
1036,21910,22032,994
1037,25725,28634,1195
1038,15406,68983,319
1039,21230,37934,1730
1040,3942,4132,2633
1041,16568,16675,1361
1042,2197,3085,929
1043,15173,15938,727
1044,21236,21292,1119
1045,9939,13539,844
1046,22322,23903,2016
1047,12559,37872,2844
1048,750,17995,424
1049,20474,21082,66
1050,7988,10784,1069
1051,12583,33854,785
1052,7134,7289,422
1053,7154,15813,1727
1054,1124,2125,32
1055,12728,13737,220
1056,3515,3691,1718
1057,7685,12453,2694
1058,12870,13316,1412
1059,17134,17432,2395
1060,13810,14017,2512
1061,29007,29905,2261
1062,14851,14978,1770
1063,24435,25446,1660
1064,10484,10729,806
1065,24470,24692,2671
1066,28622,28762,1723
1067,16864,16942,1476
1068,6629,7510,2243
1069,26223,28197,1987
1070,21866,22072,1023
1071,28485,29342,2806
1072,18448,32207,113
1073,12270,12543,1112
1074,7716,9461,772
1075,16305,16978,2083
1076,8574,23735,1953
1077,784,944,2038
1078,8906,10352,1572
1079,7919,8084,1894
1080,22318,22329,1932
1081,21394,21547,8
1082,22898,23195,1838
1083,9708,9723,843
1084,16780,40656,1926
1085,17225,17323,2413
1086,965,1109,1948
1087,9018,10306,1334
1088,12443,13131,2027
1089,21733,22187,101
1090,5183,18571,2389
1091,24820,31452,1675
1092,2996,3327,1606
1093,265,2148,2553
1094,11072,11295,909
1095,3404,14624,1770
1096,25971,49005,103
1097,19263,19446,2067
1098,29633,31812,1210
1099,26762,26931,665
1100,13950,14293,448
1101,24997,25520,2074
1102,24102,24200,155
1103,1390,5029,1271
1104,9455,9853,2795
1105,9483,9534,2278
1106,19251,45181,2023
1107,27893,29006,1501
1108,1355,3023,848
1109,546,1240,229
1110,28661,32053,1776
1111,16552,16694,1759
1112,9651,23111,1939
1113,28789,28995,1813
1114,285,4904,743
1115,23168,23285,2476
1116,1489,2276,2787
1117,1458,33194,2024
1118,28478,28605,2122
1119,8752,8825,2334
1120,22995,87958,2702
1121,20176,29379,2790
1122,15349,18932,880
1123,5677,9493,266
1124,19626,20347,1587
1125,1591,2826,2756
1126,2074,6251,1162
1127,27675,27726,2491
1128,1825,8482,2356
1129,7014,7889,2771
1130,24307,24389,1634
1131,10180,11353,834
1132,4738,4787,802
1133,4048,6567,1176
1134,22031,22330,2700
1135,8619,13331,1547
1136,10991,35041,381
1137,4480,5370,2012
1138,15072,26452,2385
1139,23805,23823,168
1140,28394,30853,94
1141,21183,21549,717
1142,18968,29714,2804
1143,8987,11433,2648
1144,10437,10810,2498
1145,20459,20800,1188
1146,20195,20275,662
1147,4742,6062,433
1148,12127,14395,621
1149,24761,24801,1529
1150,20184,20649,132
1151,15342,16250,1730
1152,23283,23558,2851
1153,1036,2373,173
1154,24941,29224,2117
1155,5626,5891,1051
1156,3535,36555,2876
1157,10156,15058,2332
1158,22143,23384,787
1159,16661,16680,2506
1160,29368,30336,2974
1161,28552,29324,661
1162,11914,12346,1647
1163,23044,28370,1426
1164,16005,16885,1968
1165,25650,33149,1284
1166,17613,18008,1553
1167,1183,1473,2571
1168,17066,17626,2332
1169,10410,12328,520
1170,15565,18725,321
1171,12459,26324,2080
1172,20484,21090,1553
1173,2382,2397,2851
1174,25574,30015,125
1175,2464,4929,2528
1176,23267,23624,949
1177,25223,25681,2436
1178,25327,37978,1111
1179,20107,20454,2009
1180,25547,27069,2910
1181,3775,4529,1115
1182,21962,23083,2865
1183,5179,5227,81
1184,10155,37378,796
1185,25774,25795,1176
1186,25478,26188,2575
1187,4431,5279,159
1188,27975,28426,1237
1189,28584,30684,1749
1190,2544,5020,1952
1191,17613,21583,893
1192,11601,11896,927
1193,25176,30698,1637
1194,27605,31292,2429
1195,27795,28053,298
1196,14058,21735,1991
1197,12418,12484,384
1198,17971,18679,667
1199,783,4460,939
1200,3945,4154,75
1201,23917,137179,346
1202,12169,13517,2610
1203,18303,20396,2975
1204,11025,25618,2490
1205,6605,8386,675
1206,12229,12887,43
1207,18069,22218,790
1208,3486,5528,115
1209,4731,5883,208
1210,4180,7807,644
1211,8647,9573,1465
1212,24469,24670,88
1213,3750,4311,2994
1214,18255,22814,902
1215,10184,10245,658
1216,9194,16093,1206
1217,24687,44684,273
1218,11255,13905,2649
1219,385,841,1422
1220,28425,31735,1038
1221,17982,18057,2088
1222,13356,13925,850
1223,15255,51994,2514
1224,24892,66396,991
1225,2505,3895,1094
1226,17503,34329,1422
1227,26504,27065,422
1228,26291,26612,2348
1229,17518,18717,1719
1230,19597,45813,535
1231,27251,27464,625
1232,28685,28778,2785
1233,20163,20470,625
1234,26808,27375,1454
1235,665,1485,1414
1236,11024,11203,2294
1237,17774,18596,319
1238,20126,20298,941
1239,8360,8716,2467
1240,3662,48712,1248
1241,9200,11473,2810
1242,4402,4889,1520
1243,12133,13375,559
1244,430,13766,1066
1245,17213,40810,666
1246,21460,23346,2118
1247,13270,13476,81
1248,17351,17423,2382
1249,20564,20572,464
1250,17813,18314,216
1251,9775,10011,2956
1252,1818,4105,364
1253,26883,29604,2826
1254,26425,27983,1607
1255,1817,12305,1707
1256,19260,19537,2771
1257,11493,11887,1598
1258,8850,8891,1365
1259,9470,9965,1234
1260,12291,13490,1039
1261,8695,9522,1894
1262,2095,7964,407
1263,7798,10591,1697
1264,15865,18258,1154
1265,14903,14983,1522
1266,26350,28855,2592
1267,6049,7303,1031
1268,4005,4525,1855
1269,17355,20414,1854
1270,28645,31046,1460
1271,20704,21214,2116
1272,235,3645,1426
1273,8184,14350,46
1274,3811,4681,843
1275,23748,23911,1327
1276,18726,18936,495
1277,26141,34136,951
1278,2899,3116,1068
1279,29173,29749,66
1280,27530,30312,96
1281,8856,11063,2481
1282,17612,17736,2452
1283,10712,11819,452
1284,14605,15123,5
1285,15229,26814,1463
1286,634,971,646
1287,3637,3838,1697
1288,26991,28554,775
1289,29701,29962,811
1290,19187,19758,2495
1291,5747,7214,1325
1292,16656,17678,2505
1293,1314,3156,355
1294,5790,16718,2728
1295,14741,15619,1779
1296,26896,27274,2690
1297,13644,33782,346
1298,24469,24841,2306
1299,14760,24239,633
1300,6902,8215,559
1301,22030,22390,2584
1302,8783,35292,1362
1303,25304,25920,2431
1304,4293,9428,1315
1305,8762,8850,1362
1306,29570,29687,874
1307,624,1062,89
1308,6465,7247,2050
1309,7783,10052,2520
1310,13112,14410,1782
1311,5583,111664,1810
1312,25733,27660,2102
1313,10079,10115,2284
1314,1140,1549,825
1315,19458,20916,2889
1316,7091,9257,1569
1317,4734,6634,826
1318,11285,12233,2029
1319,6432,10348,936
1320,13450,13992,1200
1321,24495,24687,1564
1322,2116,5471,2211
1323,2945,110045,581
1324,4825,4927,2342
1325,29639,49384,2508
1326,2651,5338,303
1327,27479,28060,2622
1328,27718,29902,1843
1329,27346,27366,583
1330,17564,17949,1801
1331,10769,23170,1049
1332,4242,5355,1831
1333,26394,31278,1234
1334,23554,23854,1348
1335,814,8785,983
1336,15143,15354,1315
1337,1020,771881,1219
1338,19145,36134,1636
1339,13047,13714,2605
1340,24697,25620,1799
1341,23488,23783,1169
1342,3029,5324,1844
1343,25714,28204,2511
1344,11396,11500,878
1345,59,1460,1151
1346,21250,24052,1032
1347,29579,37976,1662
1348,18447,18707,1967
1349,22811,22838,420
1350,10111,17536,2913
1351,28359,30531,996
1352,10809,77016,2826
1353,24077,24526,1188
1354,17666,17945,24
1355,16542,16619,800
1356,5479,5715,2035
1357,17474,148870,608
1358,12262,12682,1358
1359,3350,3514,256
1360,5607,47086,312
1361,24182,25219,2806
1362,19492,20279,1041
1363,24639,29652,2342
1364,22162,22239,1433
1365,19891,20644,351
1366,7100,7208,1093
1367,4359,5887,1461
1368,1262,1309,1234
1369,2613,5595,2008
1370,17638,28423,1678
1371,13909,13951,147
1372,23493,26668,21
1373,20204,38604,1785
1374,17174,26114,1531
1375,23597,23770,2271
1376,26311,26425,2254
1377,5991,7199,1670
1378,21155,21728,234
1379,1422,3141,2834
1380,15380,15503,528
1381,7580,7665,2878
1382,3939,12896,938
1383,18334,18647,1853
1384,21886,36163,1041
1385,17792,26065,163
1386,15490,18058,242
1387,14393,29839,432
1388,20500,22764,2634
1389,25942,65073,2182
1390,20822,21041,2828
1391,26564,26584,2562
1392,13852,14415,272
1393,15998,20304,2366
1394,4663,115951,2756
1395,17150,21798,48
1396,1686,5509,353
1397,17313,19009,255
1398,16081,22753,900
1399,29597,29719,2857
1400,691,952,503
1401,7834,8141,2121
1402,11784,11950,1294
1403,10978,25262,1525
1404,22585,22808,75
1405,26021,27629,143
1406,29616,31374,69
1407,22392,23070,378
1408,8721,9655,1720
1409,21192,21421,1857
1410,7359,8660,1080
1411,11813,13305,2508
1412,20850,21451,1581
1413,6083,6290,403
1414,28608,33775,398
1415,26197,26401,1283
1416,28075,28097,2089
1417,23077,23145,1062
1418,8183,9793,1574
1419,6237,7241,2759
1420,6146,6882,1025
1421,21497,44022,445
1422,25100,27281,1190
1423,23587,53053,1132
1424,27518,28656,1505
1425,20995,21011,470
1426,25718,26750,1288
1427,29765,29815,2562
1428,24232,24553,571
1429,28449,37538,716
1430,23604,25695,2307
1431,28345,28820,1174
1432,17531,18871,497
1433,18762,66043,1118
1434,4908,5060,489
1435,27158,32718,1871
1436,14217,14233,1920
1437,5248,5529,2251
1438,22969,26810,2108
1439,26714,26855,2739
1440,7691,8881,2539
1441,8904,20452,641
1442,12982,13340,2432
1443,28312,33467,959
1444,12706,12761,528
1445,12533,17452,101
1446,7178,41499,259
1447,8454,9126,1775
1448,14571,24131,2578
1449,13550,13553,947
1450,18889,19522,1030
1451,17726,17893,1349
1452,9845,13967,2164
1453,21562,22510,756
1454,10101,10883,2935
1455,26241,30703,1506
1456,3248,3521,1753
1457,12649,25152,987
1458,11983,12346,2768
1459,15009,15951,1644
1460,5360,6805,574
1461,16754,21424,2846
1462,6096,8674,2055
1463,28437,33691,2332
1464,12626,13989,1974
1465,13404,30777,934
1466,17264,22273,2520
1467,20525,21357,1924
1468,16982,39242,2750
1469,2577,2880,1939
1470,13894,14369,2212
1471,14575,17292,2051
1472,29636,32028,1872
1473,20327,20967,473
1474,16333,16825,2262
1475,18480,18849,2644
1476,21966,22071,87
1477,29797,30664,1258
1478,16359,16437,1458
1479,10262,12953,2533
1480,28492,28775,274
1481,23191,23282,335
1482,29485,33322,2174
1483,27338,27570,447
1484,22603,23100,2909
1485,25288,47015,174
1486,23337,25073,2709
1487,6918,6956,2898
1488,21805,22923,714
1489,24482,25612,2419
1490,4487,17480,1795
1491,4338,11536,863
1492,8481,159083,2464
1493,23174,23598,369
1494,4542,6576,1304
1495,10941,13335,541
1496,18464,18556,2001
1497,28418,29539,2354
1498,19410,19446,2183
1499,12267,18110,2840
1500,2533,4239,142
1501,2863,4700,2846
1502,8195,8199,195
1503,421,2212,1565
1504,24233,25492,2142
1505,10002,10041,13
1506,8293,9884,163
1507,2190,2327,395
1508,12885,15839,2143
1509,16026,16785,979
1510,14844,15000,1865
1511,19111,29673,1211
1512,24498,24614,878
1513,28721,39016,145
1514,13812,13973,2047
1515,21778,22624,1384
1516,19752,20759,2902
1517,3881,3950,593
1518,14581,27651,1288
1519,19501,19809,2063
1520,29549,35527,2464
1521,15339,15484,341
1522,21238,21420,2527
1523,3476,4737,1414
1524,14408,30690,277
1525,8151,9037,1506
1526,9481,13959,2442
1527,5411,13479,1949
1528,18863,19038,1237
1529,17928,18414,2651
1530,2,1820,505
1531,21700,31771,2378
1532,17276,22069,1126
1533,11721,15612,1180
1534,21308,206735,736
1535,18058,18068,1084
1536,21859,25342,627
1537,2175,4405,1956
1538,15378,45107,1143
1539,4911,5267,195
1540,23112,26806,2786
1541,14932,15359,2889
1542,28996,45535,2416
1543,4615,9999,1713
1544,2371,3641,2537
1545,10869,15535,318
1546,22751,23532,1548
1547,10058,17694,2440
1548,10763,11046,1275
1549,12694,13043,602
1550,19654,26409,1890
1551,14244,29317,2258
1552,20007,20173,2913
1553,16684,32412,2422
1554,17269,17346,2872
1555,9266,10788,2477
1556,26049,174557,983
1557,18252,21957,1529
1558,15355,40544,923
1559,19848,19924,2086
1560,28654,28748,1010
1561,2211,2593,93
1562,24551,39812,50
1563,13485,14726,1020
1564,16300,16739,2783
1565,5439,7530,2321
1566,317,1241,2706
1567,4831,5333,250
1568,4018,4148,943
1569,4855,251827,1520
1570,5595,16870,375
1571,19241,20947,2089
1572,7902,11785,2597
1573,1301,1646,639
1574,14262,14347,1829
1575,29956,30922,1761
1576,12678,16565,1479
1577,3315,3326,244
1578,27543,28063,1538
1579,4231,4614,65
1580,1552,3004,2497
1581,28459,28762,1661
1582,489,22364,2555
1583,847,4713,1036
1584,22969,25185,1543
1585,18564,18668,224
1586,13173,106565,2181
1587,7038,23843,2913
1588,16352,20821,1237
1589,9196,11710,240
1590,8638,19761,184
1591,25559,28106,1589
1592,5758,17884,186
1593,9611,15967,1806
1594,21063,22541,1905
1595,3087,4179,2938
1596,982,150601,1272
1597,17524,21556,1587
1598,27281,29209,2320
1599,27244,27300,1783
1600,14374,15869,116
1601,28861,34134,2469
1602,12477,12981,1759
1603,16648,157787,94
1604,25254,29014,2161
1605,16489,16582,2252
1606,3232,3266,2112
1607,15556,16487,674
1608,838,5946,2652
1609,29128,29919,2583
1610,27279,30132,982
1611,27227,28373,385
1612,25015,25519,2470
1613,5030,6593,1129
1614,28922,34280,833
1615,26725,30687,991
1616,29642,33483,898
1617,3005,3198,2295
1618,8775,9694,2982
1619,11801,11879,2120
1620,15670,15783,1430
1621,21168,25923,1818
1622,17309,19650,1968
1623,4161,4423,2338
1624,10557,12528,1009
1625,4163,7572,2647
1626,15070,15205,1925
1627,17833,98914,2282
1628,9930,20933,2602
1629,16956,16979,2507
1630,11571,15250,2499
1631,27622,27760,1837
1632,29477,30324,2585
1633,25796,26600,2094
1634,18690,21041,1421
1635,28077,28309,250
1636,23461,23695,1786
1637,6224,6927,1129
1638,15199,15422,1224
1639,6857,9010,1089
1640,12678,13860,2777
1641,6726,6748,1241
1642,20635,20700,1110
1643,19001,32145,1457
1644,19228,20663,483
1645,28075,28386,1656
1646,13840,14507,2205
1647,11080,13116,2893
1648,14613,16520,1808
1649,12457,12501,1085
1650,12047,30263,2637
1651,1255,8278,1631
1652,12097,12239,42
1653,6151,62487,1157
1654,3197,3789,829
1655,22917,23614,1060
1656,10831,11082,1523
1657,26422,42938,1456
1658,12592,12796,503
1659,533,573,14
1660,11772,21213,1555
1661,28968,28972,134
1662,4230,5190,1242
1663,13487,14498,369
1664,14056,14676,762
1665,25100,25296,1790
1666,24712,33728,1784
1667,14365,79471,880
1668,25930,26517,1904
1669,6179,15736,910
1670,19582,20175,2603
1671,1657,4216,1242
1672,27713,30379,2041
1673,4344,5080,744
1674,1375,2044,1930
1675,13058,13265,1305
1676,13276,14817,2688
1677,12293,12831,2209
1678,21821,31867,834
1679,5814,5874,1758
1680,7808,7827,2486
1681,11700,11900,95
1682,26354,41554,549
1683,12243,15038,2006
1684,29325,29529,1076
1685,16109,24185,1264
1686,4001,6790,1754
1687,9812,19964,2192
1688,16724,66158,690
1689,11971,12862,711
1690,12658,13189,2972
1691,26618,26718,2208
1692,16848,250491,1004
1693,2795,3307,620
1694,8716,9147,2526
1695,1535,1703,1091
1696,22501,26436,1227
1697,24540,26274,2460
1698,4514,11519,639
1699,2877,12935,577
1700,25069,26488,487
1701,1515,1698,1428
1702,28119,86702,2766
1703,4370,5452,1273
1704,25398,28468,2174
1705,5053,7452,2198
1706,955,4223,2325
1707,2618,2702,767
1708,20515,21149,2836
1709,6047,6298,1675
1710,27220,27843,2029
1711,14277,19001,487
1712,10838,13405,227
1713,4119,4141,672
1714,12411,26208,2240
1715,9480,9822,413
1716,20176,23506,1073
1717,9985,10461,1881
1718,4271,5973,2956
1719,22633,24051,2651
1720,19899,19986,125
1721,4251,4364,1931
1722,6388,6653,219
1723,8380,8962,2251
1724,3214,3242,771
1725,2231,96651,1748
1726,15760,15771,912
1727,3455,4319,2063
1728,29420,42107,575
1729,2573,17946,1911
1730,16198,16267,2308
1731,4476,6910,2114
1732,20150,25543,1376
1733,4009,4344,1112
1734,19120,20504,1868
1735,21824,21893,2000
1736,17659,19013,1981
1737,2076,2093,1558
1738,27337,47648,1033
1739,8235,10660,1345
1740,4445,5538,988
1741,12150,25123,2420
1742,11608,14412,2534
1743,27642,27780,743
1744,11634,12026,707
1745,27016,352359,1050
1746,3167,3194,754
1747,6734,6797,2403
1748,6532,7033,1434
1749,23623,24191,704
1750,1809,8230,1012
1751,4917,5552,99
1752,25766,26212,2445
1753,24953,25808,692
1754,16466,36447,1656
1755,5435,6118,584
1756,2257,2452,1161
1757,13720,13807,197
1758,21482,25259,2238
1759,23287,82326,1231
1760,4072,368297,645
1761,18498,18727,2244
1762,6192,8761,1774
1763,9063,76789,323
1764,869,1076,670
1765,24154,46437,651
1766,6821,7663,558
1767,23291,23637,743
1768,2065,4235,486
1769,22809,23190,2776
1770,3661,7217,2412
1771,9841,16527,2828
1772,20335,22549,918
1773,26204,30632,1870
1774,20663,22209,2398
1775,17551,18914,2646
1776,4803,5195,1169
1777,24311,24511,2430
1778,24623,31016,481
1779,17101,17997,1381
1780,26131,26667,1358
1781,20591,21693,401
1782,9527,18160,1909
1783,7027,8918,2086
1784,26934,27167,1140
1785,14732,16117,949
1786,6438,40438,891
1787,4264,14622,277
1788,16170,21377,759
1789,23042,70213,1011
1790,15664,15833,2376
1791,29412,31874,1916
1792,1778,52209,2761
1793,22334,23127,2329
1794,12880,13585,822
1795,22517,25056,2995
1796,22080,27460,1244
1797,26363,26396,1324
1798,16188,16782,1716
1799,29927,31340,2501
1800,10129,11303,1714
1801,7178,18453,1057
1802,17390,55321,290
1803,335,377,2188
1804,4410,6991,2520
1805,5745,9124,223
1806,17562,20058,1747
1807,6514,12256,2199
1808,13031,15569,1642
1809,8362,8460,571
1810,28031,28232,1761
1811,18586,18940,1192
1812,23969,24031,801
1813,12110,12805,2693
1814,28104,38409,2163
1815,10211,10548,1592
1816,25613,27107,2355
1817,23031,23799,2490
1818,7955,8212,1244
1819,17068,17360,1734
1820,29208,29526,1580
1821,25682,26234,1395
1822,2129,6567,130
1823,7452,16736,1678
1824,1669,2497,2338
1825,4986,8724,480
1826,22684,104395,1664
1827,28390,28545,1119
1828,1200,1322,1768
1829,1021,6225,383
1830,15119,15140,413
1831,10047,10153,55
1832,1480,2007,2881
1833,28536,28656,210
1834,13884,21556,1392
1835,7921,8954,769
1836,22520,47399,1593
1837,17039,17401,2125
1838,23677,24528,820
1839,13980,14629,135
1840,24185,47337,244
1841,21538,24472,97
1842,18776,23560,2473
1843,11600,16174,2687
1844,23285,27029,2581
1845,27099,51546,1012
1846,21125,49404,681
1847,26975,31548,777
1848,19729,21211,875
1849,16249,17975,1368
1850,14845,19663,1658
1851,24564,25146,1137
1852,28351,28438,1887
1853,9733,10465,2239
1854,13618,14149,2587
1855,24611,26646,759
1856,10591,11076,138
1857,6216,10463,2261
1858,10076,10248,582
1859,28050,29682,475
1860,22785,22836,1722
1861,10311,16879,463
1862,22300,22334,400
1863,22920,30485,2282
1864,1358,1373,1172
1865,7148,7243,555
1866,16272,16376,1995
1867,13998,15032,1931
1868,26756,26926,2833
1869,21493,25479,861
1870,12490,12530,2958
1871,16887,18447,2819
1872,10283,10353,2200
1873,3851,7013,1895
1874,14228,14385,1130
1875,6024,7007,1403
1876,18958,20551,1795
1877,12219,12721,2617
1878,26399,31693,1178
1879,13640,14972,2023
1880,26445,36256,1791
1881,28549,32166,47
1882,15484,16733,1156
1883,7498,10495,1217
1884,9223,19837,2437
1885,29210,47894,2524
1886,8012,8163,2221
1887,22611,22616,1618
1888,9586,9901,2575
1889,24889,25068,2413
1890,23279,23517,1741
1891,13730,14611,1641
1892,15490,16954,2738
1893,25215,27723,2405
1894,4624,4968,2944
1895,26753,832882,1132
1896,18438,18513,1569
1897,11679,15596,1239
1898,24354,26750,1442
1899,18637,18726,249
1900,1893,8711,429
1901,12701,12862,1547
1902,26138,26247,2612
1903,29397,30636,2911
1904,1802,3983,2523
1905,7931,12922,1875
1906,11131,12514,722
1907,10786,10857,279
1908,9627,11946,2193
1909,5870,17542,211
1910,25935,25991,1978
1911,22791,23001,1880
1912,22355,23942,1947
1913,6243,15771,2668
1914,25510,48934,2197
1915,12879,12967,1577
1916,24464,28358,1217
1917,27785,27902,2748
1918,10690,11515,2029
1919,14099,14179,1225
1920,20013,20083,1233
1921,17776,17874,2772
1922,21342,22366,2120
1923,29041,42945,2249
1924,28936,30228,894
1925,14738,15387,2792
1926,22474,24430,709
1927,540,954,331
1928,16984,19221,1059
1929,6743,7225,2564
1930,246,1562,2665
1931,28339,28624,2863
1932,22252,22596,2753
1933,2631,35350,1730
1934,12813,13837,2915
1935,9912,96919,2243
1936,14586,14623,2867
1937,9147,9323,1315
1938,867,1954,521
1939,11269,16705,2904
1940,29976,30762,996
1941,15675,15771,2898
1942,15570,16047,1849
1943,1120,8093,2815
1944,20834,29640,1647
1945,6586,7102,386
1946,20052,20555,20
1947,3230,37569,1592
1948,26666,26767,1989
1949,12288,210059,1499
1950,19923,25161,478
1951,6721,7163,2052
1952,1049,1156,1025
1953,5648,6840,1141
1954,19414,20921,1144
1955,15490,18104,1753
1956,12110,14139,1287
1957,25128,27751,1381
1958,23443,23474,2853
1959,14844,25848,554
1960,19899,21134,1677
1961,13177,62517,1902
1962,24134,24933,1970
1963,13892,14289,506
1964,2609,2920,2374
1965,11872,12409,897
1966,22273,22429,1450
1967,20270,20468,2863
1968,14552,23845,2423
1969,28031,28056,1787
1970,19351,19890,2354
1971,14283,20259,1311
1972,3081,3761,911
1973,18738,20770,2583
1974,6876,7239,975
1975,14189,16004,2517
1976,27767,57760,6
1977,15314,15539,101
1978,26556,28702,2284
1979,14880,18967,728
1980,20705,32879,2023
1981,19215,27285,224
1982,26514,27421,1930
1983,8745,9091,2173
1984,26546,26575,517
1985,6913,10803,2726
1986,5636,6623,2386
1987,21816,21901,1661
1988,14374,16098,1070
1989,23364,23688,2982
1990,11828,13748,2094
1991,8188,8577,361
1992,17585,235355,354
1993,4992,9203,1542
1994,3357,3637,2968
1995,24405,26198,1343
1996,3572,4297,1340
1997,464,4349,2466
1998,3185,3188,730
1999,4693,5086,2682
2000,11807,12059,529
2001,19901,20033,1062
2002,26186,26945,1840
2003,3527,5361,1937
2004,26310,26320,1392
2005,618,795,1710
2006,16022,16120,343
2007,9229,13704,359
2008,3072,3120,2279
2009,16488,22353,557
2010,11175,16493,826
2011,16922,17498,1951
2012,27367,28287,2084
2013,8330,21700,2445
2014,4170,4485,2914
2015,7155,35024,525
2016,4494,4543,739
2017,16299,16650,1955
2018,26687,32279,846
2019,9981,10029,1291
2020,17510,17670,1413
2021,8081,19152,2417
2022,8331,8819,1375
2023,3318,8575,817
2024,6477,6569,1690
2025,18824,19301,1027
2026,18892,19455,2520
2027,19587,20925,2054
2028,19835,20078,292
2029,16646,23132,2445
2030,2029,6497,2405
2031,3136,6658,1644
2032,16434,16889,1390
2033,14801,17374,1987
2034,21551,22345,1310
2035,16806,17336,1472
2036,13396,13553,1961
2037,18747,20663,2249
2038,4533,9412,2306
2039,29500,29780,2573
2040,19453,36683,235
2041,3608,17729,2678
2042,25225,25334,2124
2043,18063,25240,2461
2044,13279,14874,1085
2045,12406,21965,1535
2046,28576,28683,1793
2047,15685,17875,1642
2048,13411,28704,2788
2049,10213,12242,1460
2050,18369,26253,1615
2051,18193,19961,2014
2052,17721,22961,2877
2053,5577,56269,2786
2054,21007,21766,1117
2055,20932,22913,1268
2056,2998,21577,2837
2057,6930,7199,8
2058,18166,18241,2052
2059,1616,2190,1193
2060,23553,23986,16
2061,16259,16469,1221
2062,10193,10530,670
2063,27896,28299,156
2064,7477,7616,2535
2065,5529,17367,946
2066,2244,4124,2689
2067,20157,26085,2430
2068,25301,26002,1767
2069,21529,21893,2425
2070,5709,7347,402
2071,27187,28039,1556
2072,9760,11183,543
2073,8037,9234,2726
2074,27933,78310,936
2075,28783,32525,2545
2076,27422,31578,39
2077,19342,20395,1755
2078,16367,17252,2592
2079,2825,5107,2262
2080,1852,180255,291
2081,765,971,988
2082,8563,8994,1580
2083,13688,27077,1972
2084,8715,8725,32
2085,23401,24715,379
2086,10361,15307,1114
2087,24177,24241,2001
2088,27785,29127,2655
2089,29746,33706,570
2090,29396,379742,1606
2091,24872,29328,1332
2092,8740,8807,391
2093,4515,7017,819
2094,7817,11629,2751
2095,14080,16064,1309
2096,9417,9427,1314
2097,4235,15727,1541
2098,3158,3162,1892
2099,5408,5424,12
2100,9241,12023,2947
2101,17613,18358,2845
2102,4970,5172,1789
2103,17811,18497,355
2104,19033,21244,208
2105,6570,6833,2024
2106,11070,626150,2762
2107,23188,25036,2399
2108,28615,41142,156
2109,14778,24824,1117
2110,11981,12000,622
2111,22891,24607,1210
2112,12046,12074,237
2113,23277,25578,952
2114,25247,25451,2391
2115,19932,20342,2464
2116,18479,18674,1779
2117,24403,24897,155
2118,19731,19802,2954
2119,8290,9591,56
2120,4108,4854,338
2121,18410,18588,1318
2122,10622,14937,1542
2123,28177,461735,2575
2124,20085,23710,54
2125,8636,17323,2212
2126,20872,21347,1977
2127,29438,32618,593
2128,11691,16509,2822
2129,1352,5897,1956
2130,927,1040,2624
2131,28127,28337,1669
2132,8413,11467,2186
2133,18746,24388,2659
2134,581,607,1120
2135,22496,23169,2534
2136,20939,21760,966
2137,21630,23753,1924
2138,16716,18239,1829
2139,12801,13287,233
2140,8337,10137,2006
2141,8628,8679,2428
2142,21755,22228,2677
2143,24643,25421,2111
2144,29379,74507,1911
2145,16280,16415,555
2146,19073,25270,918
2147,12068,12595,2868
2148,28865,99230,1249
2149,19594,23708,841
2150,5490,5884,2498
2151,14440,28275,2512
2152,12712,13767,1460
2153,25311,80806,2413
2154,25479,34811,1411
2155,17481,28773,2351
2156,7202,17291,1295
2157,22867,22985,659
2158,23109,23325,758
2159,3010,5719,102
2160,7419,7484,46
2161,28975,49661,484
2162,26499,27228,1767
2163,23465,23598,737
2164,19153,20819,2708
2165,25948,29714,201
2166,26524,34069,289
2167,374,541,976
2168,6644,6943,1264
2169,14784,15560,1404
2170,19706,31964,614
2171,11767,11961,616
2172,19586,21025,813
2173,4867,33400,2309
2174,20210,22054,1136
2175,9506,12493,1469
2176,26948,29649,2725
2177,14426,17721,1356
2178,20925,25151,1063
2179,15577,15916,1630
2180,4202,4234,2331
2181,5802,5922,2121
2182,14518,17439,1073
2183,14387,15085,1312
2184,17930,23570,2822
2185,6535,12638,2528
2186,25712,47309,1766
2187,24212,24629,1262
2188,19376,19647,2447
2189,5718,7140,1940
2190,25493,25612,166
2191,21263,53925,1230
2192,20458,21158,1723
2193,22930,25525,629
2194,6687,12313,2771
2195,8086,11097,2056
2196,25613,25803,1141
2197,1790,5403,2992
2198,26194,26613,1564
2199,26075,27701,907
2200,1810,2626,560
2201,10933,11179,2762
2202,14214,40185,2330
2203,9867,10524,2895
2204,21665,21678,1317
2205,13430,13659,1574
2206,18863,21466,2664
2207,2218,2492,1388
2208,14630,15681,659
2209,29971,30303,1736
2210,12663,12901,1243
2211,14847,14901,850
2212,27135,37516,2658
2213,11758,12081,528
2214,4485,4517,681
2215,18491,19282,935
2216,8915,9632,340
2217,22679,23386,855
2218,11063,12982,1816
2219,3783,3891,2045
2220,20511,20599,1485
2221,19205,19631,375
2222,16741,17481,2280
2223,16807,16814,1406
2224,3094,3970,2916
2225,6225,44938,1728
2226,12761,13289,2288
2227,16517,16673,1102
2228,3762,4004,166
2229,11654,12055,2234
2230,26260,27846,221
2231,14176,14231,760
2232,185,543,975
2233,20244,20416,975
2234,11861,11874,467
2235,15790,17590,699
2236,29810,30706,649
2237,128,298,955
2238,4825,5229,2325
2239,13287,13692,32
2240,28253,28282,275
2241,13955,15208,219
2242,29015,41785,2122
2243,13907,14011,2540
2244,12545,15724,1503
2245,1818,19592,1151
2246,9063,9229,2015
2247,19690,33351,1662
2248,1947,3923,1846
2249,7225,7537,455
2250,21334,21787,1550
2251,27220,27581,896
2252,1864,2737,1654
2253,6417,6426,2144
2254,27893,28215,1507
2255,9041,9250,178
2256,12910,12917,415
2257,14244,14336,1804
2258,5448,10595,2212
2259,26365,26442,139
2260,26096,27462,1860
2261,24932,33744,1419
2262,27544,27782,2324
2263,1691,1833,1647
2264,8594,13575,353
2265,3705,4533,1143
2266,10185,12243,1943
2267,18373,33473,525
2268,24881,46230,651
2269,4965,9468,250
2270,27576,32247,632
2271,19095,20580,1161
2272,1572,17190,1105
2273,9502,10196,1300
2274,14417,36700,1946
2275,17384,20026,859
2276,25133,26497,1911
2277,3721,4492,2997
2278,1988,2128,1728
2279,7750,8248,2738
2280,19312,19371,1353
2281,18214,18818,1065
2282,9599,10902,2915
2283,5881,6415,141
2284,27225,60087,353
2285,1119,4938,2375
2286,8567,15720,2036
2287,23527,146913,40
2288,17792,18572,1877
2289,4178,4261,1738
2290,48,919,1671
2291,22637,22984,234
2292,2307,2354,1224
2293,19396,19632,492
2294,23806,23988,2660
2295,20246,26458,459
2296,7586,19981,1608
2297,9954,10670,2816
2298,5540,8397,1901
2299,7792,8145,442
2300,2155,2364,2617
2301,24313,40002,1304
2302,11019,12774,2484
2303,11999,12075,1720
2304,943,3332,386
2305,4436,7555,642
2306,27013,69222,905
2307,26678,32246,2700
2308,6330,7872,718
2309,25978,32305,1714
2310,13875,16480,145
2311,7641,8059,1275
2312,5778,6450,539
2313,8656,9179,1078
2314,15684,19402,1227
2315,1427,1456,2202
2316,16486,17037,1408
2317,4031,4032,2772
2318,19029,19092,906
2319,5900,8964,959
2320,22144,24268,2152
2321,26880,27819,1780
2322,13011,13439,232
2323,28672,32264,1654
2324,3819,13425,2708
2325,13457,23489,831
2326,14275,17907,2465
2327,23355,23468,1775
2328,27831,35798,2352
2329,12462,13050,2868
2330,8948,12215,2788
2331,17841,17916,2033
2332,6043,6455,461
2333,12141,12645,1208
2334,23029,26097,2748
2335,17129,19065,2004
2336,27249,27685,300
2337,13568,15073,1228
2338,21576,21728,1764
2339,20139,23233,2079
2340,13640,16320,177
2341,16056,18078,809
2342,20276,20324,1499
2343,16783,17176,2485
2344,6475,6723,2963
2345,19148,20039,2
2346,15752,16134,2650
2347,27595,28115,1472
2348,28794,42258,2160
2349,16957,22237,200
2350,12919,15472,356
2351,18112,18864,2548
2352,14840,14915,1588
2353,26270,26276,2436
2354,9115,9217,767
2355,26292,34300,2982
2356,18409,18535,2298
2357,29080,66092,2682
2358,531,557,827
2359,8906,9502,2180
2360,21869,22428,2434
2361,19358,19474,1476
2362,21473,26058,822
2363,6855,113839,2459
2364,18238,18434,854
2365,24624,25291,300
2366,2419,2660,1091
2367,4694,29552,626
2368,8854,11558,2407
2369,2811,4099,2279
2370,22021,22214,1826
2371,29950,29965,123
2372,8752,11118,736
2373,20151,20523,683
2374,2654,2781,1488
2375,29084,29101,700
2376,7784,16810,465
2377,12824,12849,1440
2378,6239,6786,1800
2379,736,3035,259
2380,20868,22971,728
2381,9339,9413,235
2382,6913,7798,137
2383,8033,8441,2549
2384,4397,19074,862
2385,6708,8215,1289
2386,24520,24667,1139
2387,26560,48597,181
2388,28420,30724,56
2389,20195,20759,2395
2390,21039,21638,2954
2391,27399,31682,2515
2392,6720,8384,1303
2393,687,775,9
2394,3942,4344,1085
2395,24046,29941,2912
2396,23815,24691,2568
2397,2224,20007,2613
2398,19530,19752,1260
2399,21241,25328,1236
2400,9649,10733,993
2401,28574,29320,1377
2402,21764,22133,2716
2403,4733,23777,2208
2404,19348,22220,2043
2405,24422,26643,1236
2406,29084,29423,2693
2407,27906,28069,2755
2408,10935,11631,670
2409,27267,32007,1416
2410,12370,13292,551
2411,27908,34405,2444
2412,1321,4091,1475
2413,15147,17070,2548
2414,2555,83393,2863
2415,15900,18031,200
2416,1075,2808,197
2417,28952,34118,2217
2418,25440,27574,1236
2419,10861,11318,539
2420,24851,26570,2988
2421,6906,7085,129
2422,1984,2300,2726
2423,6949,6952,761
2424,29035,32563,1681
2425,13749,17078,161
2426,21355,22079,332
2427,2879,3260,1022
2428,4881,5417,928
2429,11775,16163,35
2430,2637,16287,2677
2431,5542,6142,931
2432,20859,30009,2479
2433,12701,14658,411
2434,802,11302,2388
2435,10520,10642,2412
2436,28093,29224,2977
2437,24977,29604,1883
2438,4092,4192,197
2439,2421,5519,2206
2440,3819,20415,1715
2441,7295,7944,224
2442,28184,28408,1327
2443,14545,23651,2608
2444,25078,25618,2781
2445,6986,7021,57
2446,16529,18252,12
2447,23975,24269,1241
2448,28048,29171,1052
2449,23761,24337,331
2450,9744,12441,824
2451,12495,48611,1371
2452,19511,19845,224
2453,11851,12425,1915
2454,29196,30647,1705
2455,27840,28659,1040
2456,2433,2662,664
2457,6913,6992,53
2458,7441,26756,293
2459,26034,27496,1779
2460,20182,20388,1407
2461,2307,6681,2144
2462,22758,23791,2136
2463,7537,31553,175
2464,13190,27345,2147
2465,6976,7965,1398
2466,4387,7512,348
2467,28621,28904,2137
2468,22654,23051,838
2469,16825,16923,2775
2470,18433,18535,2923
2471,19860,20972,2515
2472,27776,44224,2759
2473,17358,22274,2723
2474,13376,13715,762
2475,18938,19848,2820
2476,12447,16648,943
2477,27055,27298,562
2478,26433,76556,807
2479,18501,18612,1100
2480,16756,17024,1757
2481,10697,12580,38
2482,18258,19411,1253
2483,16264,18264,699
2484,9966,37843,2529
2485,13626,21323,2213
2486,27895,30259,1025
2487,27281,27406,2006
2488,17488,17620,608
2489,13793,18046,413
2490,17741,19573,1944
2491,15463,16589,2521
2492,29526,110777,1408
2493,9353,9380,348
2494,18342,23099,2113
2495,13736,19480,1968
2496,17977,19263,270
2497,12409,13092,1670
2498,29216,37321,1008
2499,4131,4442,1973
2500,8940,9715,996
2501,19050,19847,1456
2502,1408,1844,2837
2503,8648,15036,1126
2504,15522,15710,1369
2505,2144,3096,568
2506,13547,13594,1935
2507,24367,25573,998
2508,1774,1843,1761
2509,3451,11932,262
2510,28065,28885,2716
2511,28981,31081,2044
2512,2640,4417,700
2513,9298,14643,1606
2514,1804,7217,1527
2515,786,927,148
2516,2542,2798,2754
2517,18525,19005,1016
2518,12702,15512,538
2519,29054,38343,1069
2520,14598,20254,727
2521,13542,16799,2464
2522,19092,19829,158
2523,8961,11597,2698
2524,12107,19137,2886
2525,5593,94058,2869
2526,11971,12415,1322
2527,15723,15758,132
2528,21330,24351,2523
2529,29164,30006,958
2530,6476,7647,953
2531,1706,2037,318
2532,414,1208,2636
2533,21999,22954,917
2534,29115,29757,1413
2535,21115,23395,1848
2536,16065,17270,740
2537,23747,31331,2046
2538,11911,14139,2324
2539,20958,42758,2611
2540,21385,21577,2396
2541,24471,24489,2162
2542,21192,21502,108
2543,27083,27207,1402
2544,3167,5492,591
2545,16354,17589,2607
2546,15056,22672,510
2547,9488,9562,1706
2548,20072,21794,1860
2549,26365,26856,763
2550,21794,37054,1877
2551,15701,16526,493
2552,6175,11603,1726
2553,24517,69897,688
2554,24013,24503,2198
2555,28155,29504,1706
2556,20308,21448,1078
2557,17034,40735,2986
2558,13831,14775,548
2559,7972,21280,988
2560,26101,26928,2757
2561,23348,23628,1267
2562,501,1277,28
2563,17662,17927,249
2564,6914,6921,516
2565,26883,30255,778
2566,435,2711,1078
2567,6703,7135,1348
2568,1958,2630,2497
2569,2201,11529,1137
2570,18728,19933,1548
2571,17417,20001,420
2572,5712,135071,791
2573,13259,13821,667
2574,21813,23008,1281
2575,13095,14057,2798
2576,28508,28752,1041
2577,19460,19929,2533
2578,16312,28064,255
2579,22584,22935,398
2580,19508,20366,2448
2581,7914,8012,1122
2582,28423,31574,2925
2583,28095,28474,814
2584,7992,8241,2267
2585,3714,3768,2663
2586,24223,24591,949
2587,17408,17439,751
2588,8434,9138,1820
2589,29133,32301,90
2590,7244,7275,1337
2591,16762,28025,2703
2592,8505,12283,744
2593,10934,11658,2077
2594,18976,36066,2201
2595,28548,36150,1128
2596,10561,12243,84
2597,13124,26493,2036
2598,22993,47433,144
2599,20348,28657,2409
2600,10037,10285,2394
2601,7404,8258,1693
2602,14838,15690,371
2603,26910,26931,1028
2604,27816,28334,2593
2605,14154,14192,123
2606,10557,10673,843
2607,27897,38415,319
2608,12472,12728,635
2609,3880,5095,708
2610,25110,106927,573
2611,20,283,2469
2612,23443,23785,2297
2613,5271,5366,50
2614,4237,4250,589
2615,12905,12999,1050
2616,2853,2986,835
2617,12440,12944,2991
2618,12277,14648,1498
2619,25631,25696,2957
2620,11290,12678,1730
2621,5999,6011,487
2622,23161,23467,600
2623,11817,14310,1916
2624,4396,4406,2773
2625,24651,25150,2698
2626,18796,20254,2320
2627,29150,30376,2210
2628,6637,9328,2660
2629,2749,5184,2725
2630,16891,51179,1418
2631,5466,10539,2314
2632,6487,8259,696
2633,5012,5253,1004
2634,23942,24787,1262
2635,591,6254,1674
2636,17787,18679,2838
2637,5699,7669,2863
2638,17713,17881,2063
2639,6433,7875,1880
2640,1664,4616,1326
2641,14359,95194,2350
2642,22437,22661,852
2643,18631,19524,1248
2644,6561,6945,1403
2645,26415,26979,1106
2646,27401,27564,2530
2647,19973,23196,693
2648,9323,10186,236
2649,3778,5850,2710
2650,18005,21398,1388
2651,16496,16580,2034
2652,14811,21022,1405
2653,12478,41186,1906
2654,26842,27696,242
2655,11533,11591,853
2656,17934,18673,681
2657,25837,27194,585
2658,26344,35676,1694
2659,8075,29552,2871
2660,3816,5563,1170
2661,18627,19580,2303
2662,16000,21713,2060
2663,8038,13651,2260
2664,21388,23313,1315
2665,27330,27360,291
2666,28565,40192,728
2667,11725,12017,1284
2668,14040,16433,833
2669,7564,38008,1258
2670,11310,12199,1951
2671,2980,3347,857
2672,3876,3907,2060
2673,21423,22148,1438
2674,17709,18944,104
2675,4522,8789,1773
2676,25724,57501,1475
2677,15021,16549,1890
2678,20960,21126,361
2679,15685,16185,2956
2680,23865,28259,1429
2681,6528,23055,743
2682,24269,33424,2774
2683,9357,20688,2857
2684,1984,10656,1247
2685,1731,48959,2628
2686,15125,22866,825
2687,11112,25910,1181
2688,17881,17948,2943
2689,24214,24236,2593
2690,6261,26011,652
2691,24001,24833,2283
2692,28028,28298,2812
2693,12992,13080,156
2694,2992,3332,825
2695,1621,1833,2976
2696,24732,25232,962
2697,21195,21917,2921
2698,16369,20735,1487
2699,29532,53093,2968
2700,16141,17741,1765
2701,27406,31066,2063
2702,8231,11108,341
2703,29683,30054,1880
2704,10388,12063,1925
2705,12281,20656,2255
2706,10307,12486,1630
2707,19711,20248,1603
2708,18829,18835,1541
2709,6950,7277,2451
2710,17256,22794,2302
2711,25220,27202,2293
2712,17691,17746,2737
2713,507,7804,1719
2714,3219,5894,1541
2715,442,4498,1475
2716,11896,12131,556
2717,17231,20270,2897
2718,16347,16445,248
2719,10159,10668,938
2720,8031,11275,1904
2721,15695,15897,2230
2722,27686,28971,2015
2723,27280,69960,1850
2724,1475,2776,1651
2725,7156,7664,2200
2726,6496,21960,1547
2727,27609,28359,746
2728,28382,28451,1043
2729,24075,24192,2141
2730,12862,13318,2407
2731,9604,24369,160
2732,20184,20624,1744
2733,77,9094,2117
2734,24357,24396,1678
2735,18387,37487,1843
2736,7267,7496,58
2737,8897,16937,1113
2738,6507,7821,2239
2739,9429,10762,915
2740,9632,9678,131
2741,2582,2719,1916
2742,11914,12240,485
2743,8883,9434,2705
2744,3269,7203,1580
2745,20117,20426,2248
2746,10990,19039,2251
2747,29764,31294,450
2748,19614,19814,461
2749,25218,26443,2595
2750,18001,18855,1811
2751,10657,10877,2735
2752,15273,31426,584
2753,21289,21846,2671
2754,231,1044,2379
2755,26463,27921,693
2756,21108,28031,1750
2757,19292,36664,2743
2758,6177,6269,1460
2759,10958,11149,2395
2760,7094,8007,531
2761,21513,53322,1295
2762,1255,1316,854
2763,12799,13125,1794
2764,941,1540,275
2765,5057,21722,223
2766,5883,8097,2875
2767,12567,12643,1581
2768,17340,17722,2776
2769,840,84352,1715
2770,18563,18577,2662
2771,15430,21774,276
2772,5176,5371,20
2773,8177,8926,1018
2774,11787,16990,2350
2775,13143,13429,156
2776,7837,8455,2333
2777,27369,31469,2525
2778,6948,7668,1268
2779,11460,20480,2728
2780,8877,9636,14
2781,19230,22511,2362
2782,4609,23205,2687
2783,11522,12667,1737
2784,17324,18612,2047
2785,2658,5818,2151
2786,3053,4060,1868
2787,5710,6102,2846
2788,5931,6542,500
2789,18824,18856,163
2790,6238,15455,1726
2791,8274,10038,1099
2792,17307,17359,1795
2793,8614,13107,344
2794,6814,8553,1664
2795,24529,25106,2993
2796,19509,19669,936
2797,24398,24414,1515
2798,14322,21367,1003
2799,28859,28892,915
2800,9063,15987,1835
2801,9923,12932,2711
2802,9732,12661,1103
2803,11887,28303,1397
2804,6155,6625,152
2805,24790,25799,158
2806,16017,18334,1034
2807,5949,7537,1242
2808,12591,16425,2578
2809,5414,6633,611
2810,10252,225783,1336
2811,17107,18162,2959
2812,24432,24729,88
2813,7963,8641,1765
2814,11556,13852,569
2815,9351,14510,303
2816,17779,17902,2493
2817,7463,7930,782
2818,4624,10748,567
2819,8919,10858,989
2820,10763,11278,2359
2821,5509,5745,666
2822,10324,10638,86
2823,5444,5990,2901
2824,9974,20207,1346
2825,24434,24680,62
2826,1505,5381,2596
2827,22917,22980,2694
2828,16748,17148,2176
2829,25992,26951,2175
2830,2447,2801,1938
2831,11280,14282,965
2832,22051,23915,2234
2833,18634,18643,2459
2834,9219,27240,2103
2835,14718,23480,2214
2836,28746,28919,496
2837,27067,49376,2159
2838,1625,11500,643
2839,15583,63662,441
2840,22242,22269,2821
2841,6984,10913,350
2842,23352,24645,1328
2843,1506,1709,2482
2844,15939,29310,2723
2845,590,5138,935
2846,25985,27825,2808
2847,29939,30172,1585
2848,17866,22057,2770
2849,8418,8477,2023
2850,27551,29527,1448
2851,8169,8754,1891
2852,4929,5099,1614
2853,22516,22696,2784
2854,7400,10111,2161
2855,26203,57618,1808
2856,19285,21171,1815
2857,13022,16411,1113
2858,5130,5296,1714
2859,6743,7990,1434
2860,7640,7898,1726
2861,26,290,559
2862,10928,11240,1885
2863,22973,23411,2497
2864,22681,27048,1062
2865,9936,11305,1291
2866,7170,7296,146
2867,20193,20571,1910
2868,2996,3378,2544
2869,8066,8127,291
2870,22130,31948,1552
2871,17082,19193,2800
2872,1200,7367,2380
2873,11922,12048,1945
2874,23878,24322,1840
2875,17862,18013,2716
2876,1269,1353,2278
2877,28254,48671,810
2878,7239,16242,2223
2879,4585,12465,1714
2880,25732,28005,2048
2881,16268,16399,984
2882,5030,7316,1287
2883,14027,14539,828
2884,2422,19869,2054
2885,760,1312,430
2886,13422,13474,548
2887,5282,6228,2764
2888,23376,25041,2700
2889,25562,26130,1586
2890,5030,30898,2364
2891,9163,26111,1163
2892,1261,1872,161
2893,19633,23044,2116
2894,10393,15525,233
2895,161,608,2858
2896,28789,34166,1658
2897,13,141291,348
2898,10921,29107,414
2899,25275,35270,473
2900,10390,11636,2804
2901,24997,25048,1497
2902,29755,29790,2418
2903,15545,16509,2797
2904,25467,25547,397
2905,17959,18070,1167
2906,16297,17164,2479
2907,4804,5062,2403
2908,10109,12805,2433
2909,20746,21723,2705
2910,7899,9547,2617
2911,12638,13235,2327
2912,10513,10590,111
2913,7518,8639,1879
2914,11272,12391,1229
2915,3469,3639,2180
2916,11256,11673,953
2917,12334,14205,2023
2918,18473,29872,2526
2919,5703,11217,2870
2920,6692,16319,935
2921,23377,24726,15
2922,1871,2412,1364
2923,15263,15371,498
2924,19114,19718,2949
2925,23773,25192,1221
2926,22029,22239,644
2927,26158,26266,2510
2928,9841,10641,763
2929,12038,16039,230
2930,22545,24076,1415
2931,8483,11324,1768
2932,3170,3177,2116
2933,21871,21908,1915
2934,16017,25943,693
2935,29296,87755,1233
2936,16931,20487,2508
2937,25434,33697,2940
2938,6771,9643,1208
2939,28395,28950,274
2940,1457,1545,1145
2941,27960,28596,2650
2942,7760,36332,2734
2943,20427,20607,2315
2944,25548,32705,2556
2945,19370,19423,1566
2946,14857,14895,1574
2947,9975,11255,1939
2948,9125,9135,2642
2949,12946,21352,2513
2950,25252,26486,1900
2951,1882,6634,939
2952,5367,70903,1547
2953,14193,14437,10
2954,27912,28461,1137
2955,24583,25269,920
2956,1334,1626,1694
2957,20660,20678,2894
2958,7609,10777,2961
2959,25216,35045,581
2960,2292,3197,1934
2961,13142,16451,970
2962,20838,40573,2572
2963,25503,25597,1270
2964,12864,14217,1353
2965,18926,19347,610
2966,8683,8906,756
2967,11670,13839,386
2968,14563,14763,871
2969,1088,1228,291
2970,22778,23080,2845
2971,22506,50928,2309
2972,4369,5320,1961
2973,29999,47219,1323
2974,3252,12677,145
2975,28228,28390,1183
2976,689,2838,1495
2977,4393,4498,64
2978,11011,11382,267
2979,20561,20778,711
2980,18491,18953,1750
2981,20666,21388,2263
2982,16819,17296,79
2983,22913,23190,1154
2984,26327,42244,522
2985,4555,4941,2813
2986,29949,31986,1356
2987,19630,20355,702
2988,22975,28421,677
2989,16358,16546,2545
2990,1322,1789,750
2991,29145,31055,1830
2992,20578,43845,2981
2993,28281,29061,1714
2994,12996,48369,240
2995,28548,29554,2379
2996,11764,12461,2419
2997,27774,31380,1599
2998,3768,3823,1961
2999,26690,27587,1560
