100
50
0,898,1063,81
1,87,177,22
2,727,2394,64
3,668,856,5
4,489,495,77
5,22,34,12
6,637,640,45
7,462,489,65
8,455,555,90
9,247,249,47
10,791,796,23
11,365,371,24
12,278,279,13
13,138,139,60
14,999,1045,6
15,514,516,51
16,143,189,41
17,920,952,14
18,79,95,96
19,363,472,97
20,31,35,52
21,695,700,77
22,197,199,62
23,491,492,31
24,928,935,33
25,504,507,21
26,590,656,85
27,904,907,33
28,823,830,10
29,678,679,39
30,369,525,22
31,623,772,94
32,290,784,91
33,325,332,83
34,986,991,9
35,328,342,33
36,354,367,26
37,846,924,46
38,778,823,40
39,124,131,44
40,751,754,61
41,228,282,31
42,777,801,21
43,2,14,39
44,154,200,82
45,123,130,75
46,951,1385,29
47,569,573,75
48,579,580,38
49,170,1668,94
50,414,1373,91
51,267,269,12
52,503,615,84
53,896,958,25
54,283,861,57
55,345,367,72
56,127,179,43
57,694,699,32
58,449,578,95
59,465,661,69
60,248,366,22
61,449,505,9
62,822,865,4
63,509,552,70
64,190,458,50
65,1,76,23
66,720,1204,79
67,991,1291,51
68,109,705,27
69,775,963,51
70,158,166,81
71,643,646,34
72,115,144,44
73,205,372,93
74,771,773,11
75,359,361,56
76,31,48,79
77,681,704,93
78,577,589,12
79,824,1692,48
80,350,387,67
81,344,358,73
82,645,920,94
83,674,693,71
84,495,516,91
85,102,270,17
86,11,198,66
87,150,153,92
88,209,230,42
89,200,203,27
90,911,915,7
91,691,720,58
92,485,505,61
93,311,327,34
94,808,809,20
95,243,359,49
96,891,914,26
97,849,1339,83
98,423,425,93
99,392,451,11
