0.9086983935865478,739
0.5711181509324124,538
1.0636503711098593,66
0.8636807604441548,112
1.1312312719553228,406
0.3082560818382646,396
0.0,-
0.8876881733961565,389
0.9613238287846977,217
0.5923724446122551,455
0.15579118896823124,73
0.8517300930730731,367
0.5733562865595673,188
0.6174628934784463,734
0.4930404698104772,180
0.735621964593533,272
0.3583302109278243,684
0.7367750720434019,675
0.8800184297439609,744
0.5447582653529881,547
0.3085190147083,88
0.09013938554289555,6
0.15408093325387,449
0.5291637930939608,115
0.7909663287260712,440
0.9855831054615743,217
0.12807971764072573,209
0.9267326140390642,546
0.39464346887602053,492
0.15995622951232003,673
0.2929664824088274,253
0.780076643247507,214
0.23117505729846563,722
0.37126527736175097,684
0.8621660385607471,112
0.19021511131303404,343
0.8083785077081989,24
0.8597215501589185,739
0.3240446966825629,32
0.5161032321013073,474
0.3210563932953667,114
0.23504302518656991,660
0.3035328324900221,428
0.4328336430495259,111
0.2896511593245933,636
0.8516241464310074,389
0.7710586392390019,233
0.3317854987911363,167
0.33806996174563486,477
0.3337158615276541,595
0.8743924493093593,46
0.42203853676548575,183
0.4174473408213729,595
0.4371531690044488,693
0.736554164397314,440
0.39110581027091457,640
0.3913593552632688,350
0.47474038605585556,563
0.6241786496655359,188
0.783231480652159,104
0.9122986689296996,72
0.33930713811047486,20
0.3583370288958793,151
0.6948636435187601,92
0.6498382389166637,89
0.23330428164479525,533
0.9676628955794995,546
0.7130948845897832,689
0.1948006161555884,673
0.9810190553697551,348
0.22895922072853292,751
0.5922303809049423,188
0.8093700075305357,67
0.10253389216479496,6
1.0896381813330411,301
0.12484013396198979,438
0.4413577411127346,180
0.3162414978953589,430
0.7377022751616007,92
0.27248816793963293,510
0.5167039140527907,366
0.7845508400313284,448
0.86654503476012,189
0.4839520360403882,474
0.4033292763016778,168
0.47740155983396676,474
0.6156409875244648,637
0.49268027866987557,606
0.20158370400477885,73
0.542072038456829,310
0.2668507316702102,597
0.25661594333374194,296
0.6463810742995388,311
0.46353820583542393,267
0.3578208655854284,381
0.2525270379144569,131
0.5832518207462771,647
0.24091414380509124,636
0.8711789176939533,489
0.6016209413480448,23
0.7229324675243287,652
0.7694045432495165,242
0.208264876962522,636
0.8675501254278412,255
0.6870563524690259,157
0.116947560725974,376
0.2602752792777189,636
0.5500823001097366,113
0.9443065304516467,471
0.9902023408023782,213
0.5425830542910823,503
0.41024281806177165,350
0.8029526430110738,63
0.4802926528276239,563
0.26749475364282393,608
0.4589792457065797,52
0.2802460844374096,476
0.4323790954664286,640
0.8480463478244875,355
0.42532472573618935,236
0.05137364299615634,6
0.9980514513996621,583
0.2762150034141601,158
0.9158026589321828,447
1.032900615053189,262
0.7006586456420648,591
0.8267551583198872,17
0.7591380381832266,496
0.9942660079742088,217
0.247506428880802,88
0.8080299966682902,611
0.1617027291251822,438
0.3599653829986899,203
0.5132416300932966,356
0.9401521072190069,447
0.40451507142295595,236
0.3690119798191526,350
0.3729090963378112,38
0.1322997257767794,21
0.48479488961947576,436
0.17431202105319957,309
0.21564410187573263,26
0.06253313290736985,6
1.051718474880312,128
0.9257356312446157,545
0.8418190012352301,416
0.2026398250308376,426
0.5895653430229215,311
0.8959934748091746,539
0.5172875335189335,521
0.3650031432689544,753
0.2587096069328383,140
0.8369060508477745,473
0.5678493531392063,670
0.28347124769546794,529
0.5271642474740388,638
0.6635098763118641,9
0.6045514899560216,310
0.21441574151239698,722
0.9551260425478885,546
0.30842865396427915,510
0.5757362949387014,329
1.0351358754339501,465
0.3364551484752478,122
0.2265675621849269,639
1.0644435813231892,69
0.4355006900360064,520
0.26886514108991033,510
0.30511917178522346,532
0.42939654010033035,507
0.7900435864047624,355
0.7337488814303753,618
0.14676172018396122,531
1.03296698613964,8
0.919428737294221,392
1.0610216764219396,717
0.5855317472929323,455
0.7326504078713365,554
1.0544018686101286,66
0.4412119179090589,380
0.3854658109915535,595
0.7640968245004519,712
0.8841015947627401,539
0.355574445805485,524
0.7142349288788502,588
0.9873426460861885,217
1.0079475584996618,217
0.7325621520040762,64
0.5182754483313042,52
0.7815560043673506,78
0.019416761643563908,6
0.3600959242090138,287
0.4003206730090635,38
0.4775283441389735,521
0.2417920527955483,172
1.0600580925726815,431
0.8546070003889528,738
0.18741997756629994,673
0.773701198404162,156
1.1050091040690602,250
0.9302088607942163,363
0.17808255118603863,26
0.806801262512993,738
0.272245155252706,334
0.8766144641399474,499
0.7384494355072487,655
0.581512560389343,318
0.5458350319960124,166
0.28565029344697157,396
0.05400018394873554,6
0.967979822466206,602
0.33402143847447835,258
0.793982570333631,355
0.946030236552338,284
0.6871895849593357,147
0.597812383170823,452
0.8391386584069908,78
0.9050527067870752,495
1.106957974679114,406
0.6018543359000442,149
0.9725756783773479,362
0.4600519775282962,380
0.47646398377503674,606
0.8281330854814649,24
0.6647927282116526,564
0.8387128281518584,54
0.14903565965595034,309
0.17117729385192798,21
0.5600164615559879,414
0.29413224342271277,428
0.866825136981064,447
0.29203078289016643,334
0.19153769793658182,673
0.7444468540881682,92
0.15711108911621174,673
0.23047990156803339,570
0.35864986826907774,364
0.762613797731704,214
0.9636904752992536,498
0.9881951438471437,243
0.8752049522926154,739
1.0558553829082502,717
0.699909377272872,689
0.8815571188683358,539
0.5021521521805781,358
0.8912358947492792,189
0.3849828234468131,38
0.7918104063344262,618
0.4969675215484697,735
0.3666576032737269,160
1.0628502034826894,431
0.8566179863470403,355
0.8488673331311963,539
0.2381238877664586,131
0.6501748218494746,9
0.8139256694042558,618
0.8496990710613237,112
0.4765326272661371,603
0.2407450604386346,234
0.35739839289812386,337
0.9383405736570318,217
0.6036684774388839,19
0.9688944656594668,270
0.9187322287217052,489
0.40347945809197405,640
0.20545834617160036,656
0.4358359529199523,315
0.3681864356556633,610
0.5640222017664234,207
1.085949572123098,616
0.8610841520916189,539
1.0606001040385844,185
0.6870199832163132,567
0.864783377431315,202
0.08064059755879503,6
0.8206422924275427,416
0.3532491662745559,684
0.3447342416640582,364
0.7110176642725992,92
0.49272779000545835,693
1.1136076741346672,250
0.5871528718562142,723
1.1161655046741585,406
0.37767082121131906,350
0.8362936786345536,295
0.5070984356369251,735
0.8555684503245297,237
0.26690568175622253,197
0.3573097658612002,91
1.0252101530690123,717
0.31240375126954356,294
0.7333628998863901,104
1.051422350947711,66
0.6149281090746503,704
0.22195743515178887,105
0.8026740396452366,67
0.1695697305901407,673
0.07033890335033374,6
0.3901058110723987,168
0.41647315794871476,365
0.8796195490697486,539
1.0136001574582663,386
1.0530472990907271,580
0.12498881802137968,490
0.8446088681781181,17
0.8530741857869584,539
0.5376672512366405,330
1.0182328603548363,586
0.7683483009849512,156
0.06985947678264977,6
0.5006966766228167,521
0.5503929476490249,323
0.6343861471908575,591
0.6186093745294143,346
0.965985668577277,662
0.4022041397700483,628
1.0929408790347288,441
1.0557873113311014,185
0.5256338487445797,538
0.7780825553765813,618
1.1172347401596883,406
1.0279088412889075,66
0.7775716013770549,78
0.4436884282023035,439
0.9307971279551681,545
0.5486424891373033,704
0.4960228527367685,521
0.5266490295347962,688
0.7078638981658262,92
0.509244665390843,521
0.4542726369404597,183
0.5935473971364114,467
0.4238591325972266,61
0.3535301679325203,476
0.23328133694195324,138
0.20296613536140778,303
0.38216661264331786,599
0.3009839355133693,258
0.868321706608184,130
1.1224300707514117,178
0.3132501255401501,151
0.8486197329305986,630
0.6584918411991144,421
0.10301423216718562,6
0.5820410601114592,503
0.3356347226037575,595
0.5510856378615141,702
0.8470317802244239,112
0.8822437434304606,674
0.9238241225418915,447
0.30457330326289034,88
0.19930777940896743,673
0.8373149447651813,515
0.5970160462064331,23
0.5764895846275191,667
0.752842818478462,409
0.4217403930212998,690
0.5159840962442938,563
0.39449658861624987,350
0.8567874489816901,112
0.44396649720098463,486
0.8366140721688302,54
0.9594403844437405,546
0.8486509695666817,473
0.2746193153227575,227
0.34622065035759686,476
0.47159433458935135,693
0.8028898052264423,184
0.49599832345210754,380
0.21094756465084513,26
0.09806469158254677,6
0.22851042905839303,568
0.8412528607307952,705
0.5233888507457148,444
0.26607650855992515,643
0.29004855201895874,383
0.03422860615148669,6
0.503082735486036,503
0.39097811793287884,595
0.9332943545630232,217
0.3923686372527041,578
0.25018727112788913,509
0.3553677615354483,364
0.2671889965118054,131
0.09821669600381293,6
0.47222847475985935,603
0.9219597110967833,152
0.33117455081352754,114
0.9140805839280888,392
0.782722035881813,540
0.2919955448882642,664
1.051322955459242,612
0.8395014413856418,15
0.18731236475001717,370
0.7626904313669249,242
0.5611311853580024,453
0.24619620675025322,131
0.9189946376730258,255
0.3049741201493158,258
0.4259283667709743,38
0.37704589487333956,475
1.0281885360392726,185
0.8561906044778866,81
0.9648417992991697,217
0.1637935127308997,142
0.44600170341297396,358
1.0498346246479093,238
1.0767166845440934,69
0.5355450192000594,43
0.6697692918017183,433
1.017548962480858,403
0.502481362948084,111
1.0791423321055105,465
0.2507621269767868,172
0.45480256020236853,709
0.6473476154062393,206
0.8026947640218789,611
0.2981585261688916,477
0.24602274457665627,636
0.35709554334057747,477
0.9257366233060955,50
0.6044145600205081,697
0.8424273127111866,502
0.7991142042037237,184
0.4470155096826781,183
0.3937456798320882,665
0.18292627670094347,490
0.20778505037758732,73
0.21650117693446855,643
0.6524270851530819,311
0.29621662977148355,608
0.9665343479811331,498
0.30186065608016877,374
0.581120485177367,506
0.36819176486242444,753
0.49786246413046575,606
0.4214761508849047,183
0.8357723489593651,516
0.09334222177449154,6
0.3453326118211409,595
0.6934968291432682,491
0.9912202802866,348
0.2768467156931791,636
1.0946149245654568,508
0.4760239573626529,380
0.8022651009657142,618
1.0038587805492478,217
0.8350983438198855,17
0.6987640836042406,99
0.05665898430148334,6
0.6883337329181138,519
0.3310663494742565,383
0.5374904849871935,549
0.48954527269866954,521
0.49526775750892094,111
0.5331709855490965,166
0.992958195375494,217
0.8706538423642434,539
0.4792740623948464,603
0.5915371356377939,484
0.3482379531619443,114
0.9513730337816556,577
0.8714549562613861,389
0.8296104459862078,539
0.5284957753662173,444
0.9798452218862974,60
0.9162014270066434,392
0.5259622250861198,51
0.8502304442586992,389
0.10376254838752291,6
0.3644575881531764,91
0.8980049095777095,255
0.2279593963200209,660
0.7612392038309832,272
0.41239300245516153,746
0.31855412560130875,294
0.2559150396354275,131
0.25392334694778396,587
0.6586012075084191,719
0.2731277395942483,553
0.4409011965343296,606
0.35816706921300445,168
0.8408990433759005,17
0.36562564208641607,430
0.502132320099252,486
0.6241005683129714,646
0.39407190189395425,350
0.2659157053243394,131
0.9992977189542926,217
0.8339123563471956,78
0.09063938241733421,6
0.5977971686876207,207
0.29280753870826404,68
0.7812011382717368,67
0.20097072467766483,531
0.8051457677648806,242
0.7020260616818554,485
0.8168595605489518,15
0.9074030347655344,495
0.7928218333383238,642
0.4617994044457851,380
0.18650526371622697,140
0.7557776171575437,92
0.494586397909463,693
1.0771655471669415,555
0.35633523679368895,684
0.5240436167806742,76
0.32711880361839607,476
1.0822638866010068,616
0.21514518704048646,673
0.20176163555055704,673
0.6378209035292387,107
0.15065059369777362,309
0.6518777472942595,311
0.8960435218667027,552
0.7793719142792956,618
0.8098607784513809,328
0.7254217497371745,104
0.605789332980532,133
0.5806041546795182,697
0.4120445705874918,160
0.40805309026722214,350
0.553708556426106,688
0.2921953689334455,258
0.309010357286286,532
0.26517099611942313,597
0.4519365782929122,439
0.605101328527345,600
1.008362886810877,263
0.23786186981817303,172
0.8698152761866839,367
0.10187578176833059,6
0.22600358652523125,553
0.19736048631885655,656
0.6366123923125577,408
0.46129088339393365,288
0.5071201168137631,721
0.5628576441752378,484
0.4611882134725771,483
0.7903101864971669,675
0.7271248901659159,409
0.8063399661650903,738
0.4837509672164633,474
0.899937660359334,112
0.5074225864459464,603
0.827227961194411,17
0.8612074634060903,493
0.4789628640856034,603
0.7720163976668555,611
0.4797083826018367,28
0.27206098575299736,740
1.1009744275137514,698
0.8486823989301815,659
0.16576416468854552,469
0.659009276388143,421
0.9995033662992462,217
0.954068190146472,348
1.1022070716999517,321
0.25195609831424504,296
0.2478682695942125,404
0.9694385072770846,602
0.1562032164674737,673
0.5837273050591434,193
0.41020521569091223,524
0.5661814748953088,699
0.9514858615750129,252
1.1168371835227553,178
0.6032535351221733,326
0.12876628425713887,490
0.15337011816579227,209
0.12924939448497988,309
0.410398059533825,168
0.9428422775699133,447
0.5843384424058794,346
0.5630218816910252,538
0.4769737715201954,380
0.5031960725835494,76
0.8989272978505983,539
0.3038815433160884,479
0.3074654425070869,532
0.9763277465945908,50
0.2730816435810465,294
0.3814027381989218,451
0.9491328573264006,457
0.2708790725458589,745
0.6024112083573336,19
0.9204090933613922,255
0.1686050016487753,274
0.6038372024716379,207
1.0536033954437463,185
0.3340450753464134,430
0.5913911173778392,310
0.9961954478452137,245
0.3317267783096385,595
0.37230662462862263,610
0.3091033250280003,510
0.8491021970830076,225
0.20801596948901485,656
1.0763308270088197,555
0.34406350997568463,194
0.547345249298628,670
0.6328867898211635,71
0.9009149920278973,392
0.3988788401670271,231
0.1361094057110725,142
1.0962704629544022,708
0.41450600237867885,595
0.20280752238368846,73
0.19075214873648025,673
0.9998565622512896,498
0.28256299780587263,91
0.6976813071449502,99
0.9796294972883892,204
0.6395647357451307,567
0.7678401364891774,705
0.2450981079972675,533
0.9802932511695421,498
1.0053669628350004,217
0.7128610678290531,689
0.9157482423234585,545
0.2202368754113688,265
0.20121297575299796,490
0.38396235127672523,191
0.06602715397117592,6
0.015442125337323736,6
0.42393940963207155,521
1.1068108235568395,195
0.6302266731554503,318
0.3000118569768958,235
0.6067083376559786,19
0.7940574657164196,104
1.0956848128013752,407
0.7409579821687035,92
0.9760932670898734,98
1.0983012914605794,407
0.3273565013044105,477
0.1809966680217603,274
0.5900279565412052,113
0.5022467435576007,474
0.14635227436873094,449
0.32490973549030977,558
0.8693441939091592,539
0.7175053834082799,92
0.17199320984435063,343
0.4846180630326311,84
0.4019624629478529,628
0.52279609530226,76
0.4901573510215719,356
0.3909446888139372,163
1.0338121578557915,108
1.0974141138122053,441
1.092177974873985,441
0.671600952451084,519
1.056931002459481,612
0.8365500908484034,15
0.6397353833240649,89
0.09970802149415227,6
0.7916656515015571,104
0.9818861547135012,217
0.7848605796083622,214
0.17910798217184465,673
0.7735189875514634,156
0.8657722329576604,255
0.5293637745240389,310
0.19797439854922788,636
0.3328009370650592,476
0.6169227615873372,710
0.4693038853942547,132
0.821337694822031,15
0.8334811796996011,112
0.49044642562936336,135
1.057096158815846,69
0.6260594939364745,467
0.11339075825170442,376
0.78253694735974,618
0.6873929924429887,147
0.5979973519885142,107
0.9141714201945946,348
0.8524291370788141,130
1.027990002582371,213
0.7709040444031576,618
0.25097530560040043,636
0.20666837317714545,673
0.3709245260901358,665
0.27786296577612785,587
0.8877459999284836,447
0.6620028950678974,219
0.1706601891916979,490
0.45969243515709673,136
0.6118932673893281,395
0.32220859731021,334
0.1711565709750861,490
0.10605020924691416,6
0.38760416304364065,350
0.9409099155229242,324
0.8067888475645315,618
0.7550916960386501,242
0.5013954621120119,520
1.0487328435451928,461
0.46131251973013776,693
0.573742878734591,647
0.4002611276106077,475
0.44423953549408346,486
0.3388688563738439,364
0.5256234942457287,53
0.7414571544654893,429
1.0860167390229902,612
0.5593926659005162,484
1.0789912040676,262
0.3646421233183732,160
0.560741004912238,699
1.0217802446126043,565
0.7072773700625773,312
0.7494343442070144,104
0.3555359161964324,287
0.5153192830177374,735
0.5934074205047155,704
0.9546628719720915,50
0.7516872952779745,242
0.5760763831409811,329
1.0228393143897925,8
0.4088038868425241,595
0.1530053715122969,309
0.5080306418652368,53
0.8987366818874919,126
1.058691361082476,66
0.4920579045767757,693
0.25215654569633045,533
0.2387155732040075,404
0.9583474576484892,348
1.0434991687403379,108
0.5977900244148932,207
1.0684725004933935,66
0.3580987551093776,287
0.5520529347329035,221
0.4273116339102315,470
0.08517450059293147,6
0.9144167290000678,252
0.7528655002583697,92
0.7989788669973266,15
0.21065894625939352,722
0.2327245851318687,639
1.0914204446128455,250
0.6067026540473099,522
0.8269936156519917,355
0.21921896433233995,570
0.3203801899049333,91
0.7580783827439352,448
0.5597859727445801,444
0.211754682146518,303
0.4047171071050591,714
0.12642634442269812,343
0.2993482832296823,334
0.26865697817190387,740
0.7128195037978134,611
0.5461510099861699,323
1.0800760927688657,307
0.5036457682495247,521
0.7515248385524932,712
1.1249983655509959,698
0.679423881011066,519
0.597954449931116,734
0.45637282421765624,264
0.294690368025526,664
0.24100490097018865,35

466
206,574
725,732
34,359,543
282
30
190,376,624
462
403,456
176,421,519
138,227
361,530
433
761
414,576
291,473
276,33,505
278
251
354
350,61
142,692
569,639
188,755
36,389,423
488,658
370,639
159,60
483
296,561
208,375,5
237,659
158
16,62
3
428,643
223,24
240,341
163
155,318,638
387,746,77
258,381,472
229
111,702
390
118,462,468
499,502
160,590
419,635
345
204
436,563
721
625,699
127,184,540
264,267
111,693
113,330,575
601,99
657,713
200,27
20,703
33
278,328,675
272,613
727
159,220
187
510,608
314,441,556
371,764
433,99
295
692,736
412
438,469,604
115,414
40,430,590
738
167
149,704,726
212,747
245,98
542,638
298,571
542
672,676
222,435
607
395,663
418,525
114,558,610
513
535,762
211,336,599
374,396,487
527,700
106,418
273,82
353,58,71
177,450
696,718
664
348,471,662
272,517
172,531
442,681,97
467,637
213,314,586
220,307
344,377
43,486,56
516
139,57
167,91
323,76
383
264,762
251,45,744
135,332,356
209
239,262,711
581,753
349,685
711
712
482,545
355,389,54
185,186,456,555
364,427
275,416
604,643
380,603
544
349,572,694
119
236,283
246,434
10,692
113,644
501,587,722
369
21
175,302,317
324,619
275,552,678
335,426
353
204,577
329,80
163,434,648
235,477,584
363,392
600
290,413
39,574
342
312,567,591,655
294,32,740
27,465,66
47,595
591,719
301
150,38,475
533,597,741
407,671
414,520
114,492,79
524,579
299
212,389
618,696
105,234,512
528,617,720
388,466
143,241
228,731,9
100,308
321,725
221
709,721
758
243,300
481
440,54
128
128,401
473,67
23,506
202,322,738
6
622,733
246,399,645
326
381,413,529
250,406
216,273
232,351
661
280,443,742
386,60
393,533,569
189,489,541
231,364,559
148,270,50
291,712,758
1,215
228,268,506
30,487
120,449
560
259,398,94
170,81
108,362
429,611
206,519,627
196,489
379
282,626
666,719
109,362,66
179,444,667
526,87
225,36
686
223,596
512,570,722
10,404
176,207,455
374,42,432
447,685
203,752
197,660
502,632,738
172,561,660
151,745
136,382
31,614
431
121
37,602
175,289,391
618
182,457
484,670
263,82
137,192
445,515
285,542
709
195,508
118,18
270,305,422
396,428
342
352,445,695
304,347,359
385,667
287,41
211,714
379,498
585,629
121,565
245,420
117,55
597,664
315
288,55
207,433
443,508,631
204,252,457
504,589
104,64
196,98
309
130,145
16
382,703
17,63
453,503
199
716
218,320,4
136,486
295,546
248,715
552
258,558
267,470,640
241
154,475
15,205,517,713
725
534,716
158,529
284,493,695,72
29,608
490
425,84
169,571
182,641,685
162,465
143
490,568
256,482
252
467
109,679
177,661
274,376,531
326,329,663
755
157,478
459
108,69
266,645
650,651
143,589
39
493
282,551
178,679
189
115,526
144,694
704,710
193,310,453
484,522
63,705
149,310
424,57
637
119,405
365,481,683
559
146,621
94
398
514,678
566
628
37,654
156,254,554
384,438,751
110
49,593,709
707
256,669
103,677
123,134
20
197
255,662
147,99
19,585,734,761
127
119,603
368,373,467
486
256,3
405,688,702
11
213,220
152
129,203
333,665
699,726
423
357,575
141,393
26,490,623,656
70
437,552
357,464
229,764,95
30,579
309,6
110,503
606
217,260
132
194,41,523
236,277
116,476,487
343,490
257,547
200,388
40,460
174,386,602
127,170,24
44,763
241,653
152,654
201,369,749
680,696
689,89
253,95
471,586
211,337,523
192
701
186,589
678
658,8
227,553
332,360
195
165,631
704
496,601
446,592
454,723
732,74
154,194
14,166,76
627,760
130,659
635,684
620,90,97
48,505
263,717
9
252,463
24,367
330,436
298,582
146,691
129,607
253,35
214,513
492,77
238,616,729
229
12,268,71
137,150
536,87
424,51,571
372,516,669
343,75
593
184,496
69
106,763
199,269
221,575
247,255,495
410,488
230,545
611
209,623
100,652
507
455
279,326
411
228,452,697
128,617,8
243,270
547,647
313,537,573,743
387,483
565
45,7
422
373,734
159,301,560
0,174
107,306,357
45,596
692,75
288,594
103,397
41,509
15,187
735
163,290
383
151,684
312,686
559,578
526,606
183,333
126,304
28,460
244,327
588
111,283,358
208,383,95
25,446
202,216
297,303,370,384
588
167,430
295,319
660,682
445
409,440
668,739
260,677
46,539
575
140
233,46
279,377,757
271,598
16,419
188,207,646
451,579,665
250,269
472,682
68
672
172,226
429,675,92
338
247,674,680
112,437
104,291
527,629
215,9
166
625,693
327,537
381,398
168,578
90
222,323,480
518,96
173
194,294
11,596
105,309,673
728
164,201
293
735,93
435
459,522,707
549
499
54
202
248,83,85
3,724
133,647
126,447
284
385,458
659,747
538,697
584,753
320,706,759
145,286,372
404
342,652
128,609
69,729
566,756
287,91
203,334,479,728
210,465
234,29
591
51
710,716
262,461,583
339,557
157
303
201,22
226
299,436,84
134
459
1,155
368,444,500,57
14,646
148,737
479,524
168,375,507
717
122
425,683
565,737
151,550,628
261,354
108,397
140,636
485,491,731
271,317,401
47,77
157,161,562
410,633
345,439,595
470
160,593
225,468,530
164,265,620
504
94
153,700
409,58
240,388
132,356
131,75
706,708
378,480,721
427,88
296,68
555,616
91
214,448,754
717
64,655
237,705
727,741
431,609
173,456
171,242
144
418,597
335,749
191,714,750
370,449
6
521,53
218,742
215,415
340,584
261,518
657,739
269,407,634
233,642
592
631
417,48
587,664
107,331,676
39,83
22,26
288,746
300
632,675
131,35
139
192,315
506,576
458,544,670
150,701
679,730
316
316,671
450,554,760
391,698
341,392,668
157,613
370
59,630
25,403
31,416,548
232,234,494
198,308
103,352
310,89
102,265,636
365,507
219,716
221,257
497,654
347,437
244,647
165,651
511,86
531
515
513,63,642
637,86
348,498
145,338,402
307,321,649
394,515
106
494,509
333,582
417,477
123,230,300
224,478
691
360
395
703,752
426,687
138,21,469,73
521,56
134,324
255,295
101,171,394
455,549
653,706
366,53
600,96
400,648
360,43
277,61,690
325,408,723,80
328,614
551,605,698
346,537
605
180,249,345
325,564
121,124
125,205
291,59
259,622
285
281,293,564,666
420,580,612
101
161,219
173
180,52,606
140,226
411,704
543
178,2,292
366,80
615,65
532,559
431,556
649,756
176,588
2,412
191
354,464,748
474,535
73
577,583
189,233,78
497,630
158,745
164,615
199,626
459
118
235,740
40,640
548,81
734
393,621
622
343
231,690
122,550
611
23,311
557,730
503
181,205
551
415,652
13,354
117,93
390,442
374,70
