0.34
0.14
0.16
0.36
0.3
0.35
0.27
0.34
0.21
0.3
0.37
0.21
0.17
0.14
0.14
0.21
0.23
0.27
0.32
0.16
0.25
0.32
0.29
0.47
0.34
0.23
0.17
0.2
0.31
0.45
0.27
0.19
0.26
0.19
0.21
0.32
0.33
0.33
0.26
0.35
0.29
0.27
0.22
0.16
0.22
0.21
0.26
0.37
0.34
0.41
0.46
0.34
0.36
0.45
0.44
0.38
0.43
0.32
0.29
0.35
0.32
0.4
0.39
0.2
0.49
0.39
0.39
0.43
0.37
0.41
0.24
0.28
0.34
0.31
0.36
0.33
0.37
0.38
0.38
0.31
0.36
0.32
0.45
0.48
0.36
0.36
0.45
0.29
0.29
0.29
0.42
0.43
0.4
0.35
0.38
0.32
0.29
0.26
0.37
0.41
0.32
0.42
0.41
0.42
0.53
0.53
0.42
0.42
0.31
0.36
0.35
0.29
0.29
0.28
0.41
0.43
0.28
0.26
0.31
0.22
0.24
0.36
0.33
0.36
0.4
0.39
0.36
0.3
0.19
0.28
0.29
0.31
0.35
0.45
0.35
0.39
0.44
0.61
0.52
0.35
0.27
0.49
0.51
0.55
0.41
0.22
0.2
0.35
0.37
0.36
0.41
0.36
0.3
0.26
0.36
0.35
0.27
0.36
0.29
0.34
0.3
0.29
0.19
0.22
0.28
0.25
0.27
0.28
0.35
0.36
0.32
0.36
0.36
0.38
0.4
0.49
0.33
0.36
0.27
0.24
0.27
0.36
0.4
0.36
0.35
0.19
0.15
0.2
0.37
0.29
0.19
0.17
0.31
0.25
0.21
0.2
0.25
0.17
0.25
0.36
0.46
0.49
0.49
0.45
0.47
0.34
0.42
0.41
0.45
0.37
0.45
0.38
0.24
0.31
0.31
0.32
0.37
0.24
0.2
0.21
0.25
0.44
0.21
0.16
0.2
0.22
0.22
0.17
0.27
0.28
0.36
0.41
0.56
0.52
0.37
0.3
0.4
0.4
0.53
0.63
0.51
0.47
0.46
0.39
0.23
0.26
0.28
0.3
0.24
0.23
0.36
0.28
0.34
0.28
0.21
0.13
0.19
0.22
0.26
0.2
0.16
0.19
0.28
0.36
0.58
0.37
0.33
0.29
0.27
0.32
0.44
0.47
0.5
0.4
0.46
0.47
0.25
0.2
0.24
0.28
0.25
0.31
0.3
0.27
0.34
0.24
0.3
0.22
0.28
0.29
0.26
0.27
0.32
0.36
0.38
0.43
0.39
0.36
0.31
0.38
0.33
0.32
0.37
0.4
0.42
0.44
0.46
0.38
0.32
0.28
0.23
0.27
0.39
0.35
0.23
0.32
0.33
0.21
0.26
0.25
0.37
0.6
0.39
0.35
0.34
0.43
0.43
0.35
0.31
0.3
0.35
0.37
0.28
0.27
0.51
0.47
0.32
0.26
0.38
0.36
0.33
0.28
0.2
0.52
0.46
0.39
0.35
0.38
0.36
0.25
0.27
0.27
0.31
0.5
0.5
0.31
0.47
0.37
0.33
0.37
0.26
0.27
0.37
0.29
0.5
0.37
0.4
0.39
0.34
0.36
0.38
0.5
0.37
0.37
0.36
0.49
0.47
0.36
0.27
0.39
0.39
0.3
0.42
0.43
0.19
0.38
0.51
0.34
0.41
0.27
0.18
0.36
0.23
0.21
0.32
0.3
0.33
0.42
0.42
0.42
0.38
0.48
0.54
0.42
0.55
0.39
0.46
0.38
0.41
0.33
0.35
0.43
0.49
0.46
0.43
0.36
0.18
0.21
0.35
0.38
0.4
0.31
0.24
0.23
0.27
0.32
0.28
0.34
0.37
0.46
0.59
0.47
0.47
0.36
0.3
0.34
0.5
0.4
0.44
0.4
0.33
0.31
0.29
0.34
0.32
0.31
0.26
0.33
0.25
0.14
0.19
0.42
0.39
0.34
0.3
0.32
0.34
0.37
0.27
0.35
0.56
0.56
0.71
1.0
0.62
0.49
0.39
0.34
0.42
0.31
0.58
0.5
0.35
0.35
0.39
0.42
0.42
0.27
0.27
0.13
0.13
0.17
0.2
0.22
0.32
0.36
0.28
0.24
0.24
0.28
0.36
0.45
0.51
0.62
1.0
0.74
1.0
0.46
0.3
0.29
0.3
0.25
0.45
0.48
0.43
0.33
0.33
0.4
0.3
0.4
0.4
0.18
0.26
0.36
0.33
0.27
0.3
0.34
0.31
0.27
0.38
0.22
0.25
0.3
0.36
0.51
0.69
1.0
0.54
0.43
0.35
0.33
0.3
0.26
0.49
0.52
0.45
0.38
0.39
0.29
0.24
0.3
0.32
0.25
0.2
0.27
0.4
0.32
0.33
0.41
0.46
0.31
0.3
0.23
0.21
0.23
0.26
0.57
0.62
0.52
0.51
0.35
0.33
0.29
0.27
0.39
0.42
0.49
0.29
0.49
0.42
0.33
0.32
0.29
0.31
0.24
0.28
0.27
0.26
0.32
0.29
0.34
0.34
0.34
0.38
0.28
0.26
0.23
0.32
0.57
0.53
0.51
0.46
0.32
0.44
0.38
0.23
0.32
0.55
0.49
0.48
0.34
0.37
0.24
0.27
0.22
0.28
0.27
0.17
0.19
0.2
0.31
0.31
0.3
0.3
0.41
0.42
0.29
0.3
0.28
0.45
0.44
0.42
0.46
0.3
0.23
0.32
0.3
0.25
0.27
0.39
0.47
0.43
0.51
0.32
0.22
0.33
0.3
0.31
0.21
0.08
0.2
0.22
0.24
0.28
0.25
0.26
0.37
0.33
0.41
0.35
0.31
0.39
0.31
0.33
0.4
0.33
0.36
0.38
0.28
0.23
0.39
0.41
0.35
0.36
0.34
0.33
0.27
0.48
0.33
0.4
0.26
0.22
0.24
0.31
0.18
0.21
0.16
0.26
0.35
0.38
0.39
0.46
0.39
0.26
0.33
0.23
0.22
0.29
0.38
0.34
0.26
0.24
0.26
0.33
0.42
0.4
0.37
0.31
0.34
0.31
0.36
0.57
0.53
0.27
0.3
0.25
0.21
0.2
0.15
0.24
0.32
0.43
0.44
0.45
0.29
0.2
0.27
0.27
0.24
0.3
0.39
0.28
0.22
0.24
0.31
0.48
0.46
0.38
0.31
0.3
0.34
0.3
0.35
0.43
0.51
0.3
0.28
0.36
0.23
0.22
0.28
0.31
0.35
0.37
0.47
0.32
0.24
0.22
0.26
0.3
0.28
0.57
0.35
0.24
0.29
0.31
0.38
0.55
0.58
0.53
0.34
0.27
0.37
0.33
0.28
0.5
0.37
0.3
0.54
0.49
0.37
0.23
0.26
0.25
0.33
0.53
0.47
0.39
0.32
0.24
0.29
0.23
0.31
0.42
0.33
0.26
0.44
0.36
0.48
0.46
0.46
0.48
0.45
0.34
0.33
0.46
0.28
0.29
0.3
0.33
0.35
0.41
0.44
0.3
0.27
0.4
0.49
0.51
0.49
0.35
0.31
0.32
0.34
0.4
0.33
0.39
0.25
0.27
0.43
0.37
0.48
0.48
0.55
0.37
0.49
0.38
0.37
0.48
0.37
0.41
0.41
0.33
0.34
0.47
0.39
0.35
0.44
0.4
0.36
0.35
0.4
0.45
0.39
0.32
0.29
0.36
0.38
0.35
0.26
0.45
0.43
0.42
0.56
0.41
0.51
0.53
0.42
0.27
0.39
0.48
0.56
0.46
0.36
0.3
0.41
0.46
0.45
0.46
0.33
0.31
0.27
0.24
0.23
0.21
0.37
0.36
0.31
0.44
0.39
0.28
0.29
0.45
0.4
0.45
0.38
0.43
0.34
0.36
0.46
0.32
0.41
0.42
0.39
0.42
0.31
0.31
0.34
0.45
0.55
0.46
0.33
0.35
0.19
0.26
0.23
0.24
0.29
0.34
0.33
0.43
0.44
0.45
0.35
0.32
0.37
0.52
0.36
0.45
0.24
0.27
0.36
0.38
0.35
0.33
0.32
0.35
0.41
0.26
0.32
0.4
0.47
0.36
0.38
0.38
0.27
0.3
0.29
0.35
0.47
0.36
0.29
0.54
0.46
0.38
0.28
0.28
0.3
0.3
0.28
0.48
0.3
0.3
0.36
0.39
0.39
0.42
0.32
0.23
0.35
0.28
0.27
0.29
0.42
0.4
0.45
0.45
0.47
0.36
0.31
0.37
0.44
0.34
0.28
0.39
0.39
0.26
0.3
0.22
0.19
0.23
0.25
0.37
0.24
0.22
0.26
0.28
0.25
0.34
0.22
0.2
0.16
0.26
0.39
0.24
0.29
0.39
0.42
0.36
0.29
0.33
0.31
0.27
0.19
0.37
0.27
0.36
0.23
0.18
0.2
0.22
0.2
0.29
0.24
0.35
0.18
0.24
0.21
0.33
0.21
0.29
0.24
0.23
0.2

17.91176470588235
19.571428571428573
14.625
16.833333333333332
19.766666666666666
17.97142857142857
18.85185185185185
19.058823529411764
18.428571428571427
15.033333333333333
12.54054054054054
14.285714285714286
14.823529411764707
16.5
17.5
17.095238095238095
19.73913043478261
19.444444444444443
18.375
19.5625
17.88
17.0625
17.620689655172413
16.4468085106383
16.941176470588236
18.130434782608695
19.88235294117647
19.25
18.129032258064516
16.266666666666666
19.14814814814815
17.210526315789473
16.115384615384617
19.05263157894737
18.0
18.40625
17.90909090909091
19.151515151515152
20.423076923076923
20.714285714285715
18.724137931034484
16.444444444444443
14.681818181818182
13.25
14.954545454545455
17.285714285714285
16.615384615384617
17.27027027027027
19.205882352941178
19.21951219512195
18.434782608695652
17.61764705882353
16.333333333333332
16.733333333333334
16.795454545454547
17.63157894736842
16.86046511627907
17.9375
19.310344827586206
16.114285714285714
18.09375
16.75
18.41025641025641
21.9
14.63265306122449
18.153846153846153
17.82051282051282
18.930232558139537
20.216216216216218
17.75609756097561
20.458333333333332
20.285714285714285
17.558823529411764
17.225806451612904
14.472222222222221
12.242424242424242
16.2972972972973
13.447368421052632
16.736842105263158
18.193548387096776
19.166666666666668
20.3125
19.377777777777776
17.875
17.47222222222222
17.63888888888889
17.88888888888889
17.655172413793103
18.20689655172414
21.896551724137932
19.833333333333332
19.74418604651163
19.35
16.65714285714286
17.473684210526315
14.78125
18.689655172413794
18.53846153846154
15.837837837837839
19.170731707317074
21.6875
18.404761904761905
17.21951219512195
16.785714285714285
16.056603773584907
14.88679245283019
12.904761904761905
7.595238095238095
11.741935483870968
14.194444444444445
14.4
17.379310344827587
19.103448275862068
21.535714285714285
19.4390243902439
18.209302325581394
19.214285714285715
21.5
17.967741935483872
20.40909090909091
20.458333333333332
20.22222222222222
19.606060606060606
18.88888888888889
18.05
17.384615384615383
16.36111111111111
15.266666666666667
22.05263157894737
20.928571428571427
20.344827586206897
22.0
17.514285714285716
17.866666666666667
17.457142857142856
16.897435897435898
16.681818181818183
15.311475409836065
14.615384615384615
12.685714285714285
12.703703703703704
12.979591836734693
17.07843137254902
15.50909090909091
17.29268292682927
20.0
19.9
20.37142857142857
19.054054054054053
20.22222222222222
17.853658536585368
19.02777777777778
20.3
22.76923076923077
19.555555555555557
21.457142857142856
19.14814814814815
15.916666666666666
16.275862068965516
18.08823529411765
17.3
16.379310344827587
19.36842105263158
21.863636363636363
19.321428571428573
18.52
17.333333333333332
18.071428571428573
16.0
17.333333333333332
17.3125
15.36111111111111
17.944444444444443
17.736842105263158
17.2
16.877551020408163
15.575757575757576
20.083333333333332
19.48148148148148
20.625
19.85185185185185
18.666666666666668
18.0
17.305555555555557
18.8
19.894736842105264
22.933333333333334
18.45
20.72972972972973
18.103448275862068
18.842105263157894
17.764705882352942
15.67741935483871
17.12
17.857142857142858
21.05
21.68
19.11764705882353
16.72
15.61111111111111
17.782608695652176
19.775510204081634
18.448979591836736
17.288888888888888
18.48936170212766
16.852941176470587
17.11904761904762
16.463414634146343
12.844444444444445
16.0
18.57777777777778
16.5
19.291666666666668
19.096774193548388
20.64516129032258
19.28125
19.027027027027028
20.0
16.3
18.761904761904763
19.72
18.227272727272727
19.952380952380953
18.9375
17.45
17.136363636363637
19.136363636363637
19.941176470588236
19.51851851851852
16.785714285714285
17.52777777777778
15.0
14.642857142857142
16.23076923076923
20.324324324324323
21.333333333333332
20.1
21.25
18.92452830188679
16.158730158730158
17.0
15.297872340425531
16.0
18.128205128205128
20.0
21.384615384615383
23.428571428571427
21.433333333333334
22.25
18.217391304347824
14.86111111111111
16.964285714285715
16.794117647058822
18.357142857142858
19.428571428571427
19.53846153846154
19.42105263157895
18.5
17.96153846153846
19.0
21.0
18.157894736842106
17.107142857142858
17.27777777777778
9.224137931034482
16.945945945945947
17.818181818181817
19.93103448275862
21.666666666666668
18.625
17.34090909090909
18.4468085106383
16.16
16.8
17.17391304347826
17.595744680851062
23.16
23.9
22.208333333333332
23.357142857142858
20.04
19.161290322580644
19.233333333333334
19.185185185185187
12.382352941176471
17.25
18.5
19.954545454545453
17.142857142857142
16.79310344827586
19.03846153846154
20.40740740740741
19.71875
17.52777777777778
18.63157894736842
18.27906976744186
15.743589743589743
15.583333333333334
17.612903225806452
17.789473684210527
17.484848484848484
17.78125
16.594594594594593
18.575
18.047619047619047
20.886363636363637
16.717391304347824
17.894736842105264
19.65625
19.75
23.434782608695652
24.11111111111111
18.923076923076923
21.457142857142856
21.73913043478261
20.21875
15.121212121212121
16.333333333333332
15.538461538461538
17.96
18.27027027027027
16.833333333333332
18.17948717948718
18.485714285714284
19.323529411764707
16.790697674418606
14.372093023255815
18.228571428571428
19.870967741935484
15.566666666666666
18.4
18.054054054054053
15.071428571428571
13.333333333333334
15.686274509803921
17.97872340425532
19.46875
22.923076923076923
17.473684210526315
18.666666666666668
18.87878787878788
19.035714285714285
23.0
17.75
20.58695652173913
19.256410256410255
18.914285714285715
18.210526315789473
16.333333333333332
16.12
17.40740740740741
16.25925925925926
19.032258064516128
17.34
18.56
19.516129032258064
18.319148936170212
18.10810810810811
17.303030303030305
17.43243243243243
17.73076923076923
19.11111111111111
18.89189189189189
19.724137931034484
14.82
13.675675675675675
17.05
19.0
20.5
21.694444444444443
18.55263157894737
19.0
19.972972972972972
17.783783783783782
17.88888888888889
16.367346938775512
18.95744680851064
19.0
19.703703703703702
18.897435897435898
17.76923076923077
17.733333333333334
16.071428571428573
12.372093023255815
18.63157894736842
17.81578947368421
19.431372549019606
20.794117647058822
20.414634146341463
18.962962962962962
18.944444444444443
17.13888888888889
17.434782608695652
20.904761904761905
20.5
16.0
14.181818181818182
14.714285714285714
15.357142857142858
14.571428571428571
16.63157894736842
16.541666666666668
16.925925925925927
17.642857142857142
13.872727272727273
13.051282051282051
15.152173913043478
16.710526315789473
20.390243902439025
17.303030303030305
21.742857142857144
18.023255813953487
17.816326530612244
17.456521739130434
17.58139534883721
16.666666666666668
17.0
18.857142857142858
20.257142857142856
20.289473684210527
18.575
20.193548387096776
20.666666666666668
19.347826086956523
16.48148148148148
17.65625
18.785714285714285
15.911764705882353
15.64864864864865
14.652173913043478
11.542372881355933
8.404255319148936
11.893617021276595
14.305555555555555
15.5
17.08823529411765
14.68
13.75
11.204545454545455
15.6
17.939393939393938
18.225806451612904
19.17241379310345
19.08823529411765
19.3125
20.161290322580644
18.653846153846153
15.878787878787879
12.24
18.857142857142858
20.42105263157895
21.238095238095237
19.307692307692307
19.794117647058822
20.3
19.09375
18.970588235294116
19.10810810810811
19.444444444444443
15.742857142857142
12.892857142857142
10.071428571428571
5.436619718309859
1.0
3.7419354838709675
9.857142857142858
13.692307692307692
14.882352941176471
14.666666666666666
12.612903225806452
6.706896551724138
14.66
16.114285714285714
18.0
18.743589743589745
18.714285714285715
17.357142857142858
17.74074074074074
18.14814814814815
16.846153846153847
16.846153846153847
21.294117647058822
22.4
24.181818181818183
21.90625
19.75
18.678571428571427
19.541666666666668
21.375
20.357142857142858
19.5
14.777777777777779
9.529411764705882
7.419354838709677
1.0
2.0
1.0
5.608695652173913
12.466666666666667
15.241379310344827
16.066666666666666
17.0
11.444444444444445
15.291666666666666
17.3953488372093
18.484848484848484
17.696969696969695
19.95
17.0
17.425
17.075
18.38888888888889
19.23076923076923
18.88888888888889
18.545454545454547
21.925925925925927
21.333333333333332
19.58823529411765
18.06451612903226
19.962962962962962
19.68421052631579
22.636363636363637
19.0
16.3
13.555555555555555
8.294117647058824
4.768115942028985
1.0
3.9074074074074074
10.023255813953488
15.8
17.484848484848484
21.5
19.26923076923077
18.3265306122449
16.826923076923077
16.266666666666666
17.157894736842106
17.897435897435898
20.75862068965517
18.416666666666668
17.733333333333334
18.03125
18.96
21.15
21.0
18.55
20.4375
22.12121212121212
20.097560975609756
16.456521739130434
18.06451612903226
18.033333333333335
20.391304347826086
20.333333333333332
17.347826086956523
16.615384615384617
12.087719298245615
9.53225806451613
4.5576923076923075
10.72549019607843
13.428571428571429
18.21212121212121
16.96551724137931
19.0
18.153846153846153
17.404761904761905
17.428571428571427
16.724137931034484
18.3265306122449
17.666666666666668
19.12121212121212
19.0625
18.75862068965517
19.35483870967742
18.375
21.035714285714285
23.074074074074073
23.384615384615383
22.9375
22.896551724137932
22.61764705882353
19.794117647058822
17.5
17.13157894736842
18.642857142857142
21.03846153846154
18.304347826086957
17.71875
14.912280701754385
13.037735849056604
13.431372549019608
15.456521739130435
15.6875
17.818181818181817
16.81578947368421
18.695652173913043
19.78125
20.963636363636365
19.428571428571427
19.375
19.647058823529413
21.243243243243242
22.166666666666668
19.62962962962963
20.863636363636363
20.464285714285715
16.703703703703702
18.647058823529413
22.473684210526315
23.0
23.419354838709676
21.419354838709676
22.5
21.133333333333333
18.414634146341463
18.833333333333332
20.482758620689655
19.866666666666667
18.607142857142858
20.2
17.977272727272727
16.071428571428573
16.02173913043478
15.0
16.52173913043478
17.53125
19.2
17.44
20.59259259259259
21.05128205128205
20.19148936170213
18.209302325581394
17.607843137254903
20.28125
19.636363636363637
17.454545454545453
18.5
17.29032258064516
15.095238095238095
21.0
19.85
21.181818181818183
22.041666666666668
20.785714285714285
25.04
22.96153846153846
19.62162162162162
18.484848484848484
19.658536585365855
18.885714285714286
19.032258064516128
20.0
18.64516129032258
16.393939393939394
19.0
18.96969696969697
18.916666666666668
19.31578947368421
19.5
18.0
17.256410256410255
18.21951219512195
17.885714285714286
19.194444444444443
18.58823529411765
19.151515151515152
20.814814814814813
19.604166666666668
21.666666666666668
17.775
16.615384615384617
21.0
20.625
18.774193548387096
19.666666666666668
18.761904761904763
19.125
20.76923076923077
20.62857142857143
19.36842105263158
20.487179487179485
18.97826086956522
18.923076923076923
18.307692307692307
19.515151515151516
16.47826086956522
17.59090909090909
17.379310344827587
17.763157894736842
17.676470588235293
16.96153846153846
17.666666666666668
17.153846153846153
17.575757575757574
18.142857142857142
16.575
18.243243243243242
16.870967741935484
18.764705882352942
19.903225806451612
20.72222222222222
18.43859649122807
17.150943396226417
18.77777777777778
18.2
18.4
21.142857142857142
19.95
18.0
17.791666666666668
18.46875
17.72093023255814
16.34090909090909
17.711111111111112
20.551724137931036
17.85
19.25925925925926
16.666666666666668
18.0
16.633333333333333
14.820512820512821
19.0
20.318181818181817
18.416666666666668
15.838709677419354
17.0
13.521739130434783
14.263157894736842
16.322580645161292
18.366666666666667
18.941176470588236
20.6
19.885714285714286
19.046511627906977
16.745098039215687
16.7
17.821428571428573
18.72222222222222
19.043478260869566
16.5
15.892857142857142
15.35483870967742
16.6
17.18918918918919
15.51063829787234
15.65625
20.083333333333332
17.863636363636363
20.153846153846153
18.733333333333334
16.107142857142858
15.403508771929825
15.371428571428572
21.083333333333332
21.448275862068964
18.93548387096774
13.657894736842104
13.727272727272727
8.5
9.88679245283019
11.441176470588236
13.925925925925926
15.621621621621621
17.12121212121212
17.321428571428573
17.72
19.243243243243242
14.133333333333333
16.38888888888889
17.367346938775512
17.54054054054054
17.52173913043478
18.115384615384617
16.2
15.030303030303031
14.037735849056604
15.638297872340425
16.102564102564102
18.15625
18.75
20.24137931034483
18.17391304347826
17.258064516129032
17.785714285714285
18.21212121212121
22.03846153846154
18.681818181818183
17.88888888888889
14.3125
15.043478260869565
13.847826086956522
12.854166666666666
13.266666666666667
15.823529411764707
17.21212121212121
16.23913043478261
16.928571428571427
16.448275862068964
19.766666666666666
16.939393939393938
17.857142857142858
18.682926829268293
18.59090909090909
17.866666666666667
17.11111111111111
16.55
18.102040816326532
14.96078431372549
14.571428571428571
17.8
17.612903225806452
18.5625
19.441176470588236
19.65
16.363636363636363
18.58974358974359
19.48
21.40740740740741
17.302325581395348
14.594594594594595
13.0625
13.8125
14.909090909090908
12.18918918918919
12.489795918367347
17.105263157894736
15.621621621621621
17.3125
17.2972972972973
17.853658536585368
16.21951219512195
16.666666666666668
16.38235294117647
16.74468085106383
19.256410256410255
18.685714285714287
16.84090909090909
15.75
17.36111111111111
18.65714285714286
16.35
16.844444444444445
17.128205128205128
18.4375
18.75862068965517
18.88888888888889
17.605263157894736
19.37142857142857
18.884615384615383
18.755555555555556
16.023255813953487
13.071428571428571
6.660714285714286
12.463414634146341
15.509803921568627
16.037735849056602
15.738095238095237
19.25925925925926
16.641025641025642
16.395833333333332
15.357142857142858
15.956521739130435
16.36111111111111
20.7
19.51219512195122
19.934782608695652
19.42222222222222
17.52173913043478
18.757575757575758
19.225806451612904
18.333333333333332
19.541666666666668
18.652173913043477
17.857142857142858
17.027027027027028
18.916666666666668
17.64516129032258
18.636363636363637
18.512820512820515
19.857142857142858
18.482758620689655
17.177777777777777
18.575
18.177777777777777
16.394736842105264
15.44186046511628
17.058823529411764
18.86111111111111
18.26086956521739
18.75
17.097560975609756
16.333333333333332
17.23076923076923
16.071428571428573
16.774193548387096
19.225806451612904
20.441176470588236
19.57777777777778
17.854545454545455
18.782608695652176
18.666666666666668
21.65714285714286
17.105263157894736
20.923076923076923
18.47826086956522
19.541666666666668
18.896551724137932
18.11764705882353
16.636363636363637
18.837209302325583
18.75
18.555555555555557
18.2
16.9375
18.405405405405407
17.25
16.944444444444443
17.733333333333334
22.083333333333332
20.11111111111111
18.194444444444443
16.763157894736842
14.514285714285714
16.727272727272727
17.96875
18.114285714285714
17.804878048780488
18.423076923076923
17.625
17.7
18.404255319148938
18.47222222222222
18.105263157894736
18.86842105263158
17.22222222222222
17.0
17.75862068965517
19.428571428571427
19.382978723404257
17.694444444444443
17.103448275862068
17.90740740740741
17.82608695652174
18.526315789473685
16.357142857142858
20.107142857142858
19.333333333333332
18.5
18.035714285714285
17.5
19.6
19.433333333333334
18.083333333333332
16.615384615384617
17.487179487179485
18.404761904761905
20.8125
20.26086956521739
19.885714285714286
19.0
19.88888888888889
18.24137931034483
19.38095238095238
18.775
19.755555555555556
18.622222222222224
17.617021276595743
17.25
18.129032258064516
19.486486486486488
19.25
17.41176470588235
15.964285714285714
17.025641025641026
18.05128205128205
16.653846153846153
18.633333333333333
20.318181818181817
21.0
21.869565217391305
19.48
16.324324324324323
18.583333333333332
19.681818181818183
18.807692307692307
18.642857142857142
19.08
18.323529411764707
21.772727272727273
22.2
21.25
20.307692307692307
19.28205128205128
17.791666666666668
19.82758620689655
20.487179487179485
18.261904761904763
18.305555555555557
18.862068965517242
18.363636363636363
17.774193548387096
16.88888888888889
16.842105263157894
18.135135135135137
18.333333333333332
18.916666666666668
19.347826086956523
21.555555555555557
21.25
21.045454545454547
19.4
18.310344827586206
24.708333333333332
19.457142857142856
21.88888888888889
21.166666666666668
21.142857142857142
21.90909090909091
19.476190476190474
18.20689655172414
20.583333333333332
22.91304347826087
19.6
