0.09
0.11
0.14
0.16
0.18
0.22
0.22
0.25
0.29
0.28
0.24
0.23
0.24
0.21
0.23
0.27
0.27
0.26
0.3
0.28
0.28
0.28
0.23
0.19
0.17
0.19
0.18
0.2
0.22
0.18
0.15
0.1
0.12
0.15
0.18
0.18
0.21
0.27
0.28
0.31
0.34
0.34
0.31
0.34
0.35
0.33
0.32
0.32
0.33
0.33
0.33
0.34
0.31
0.32
0.3
0.31
0.27
0.22
0.27
0.26
0.26
0.22
0.18
0.15
0.1
0.19
0.23
0.23
0.26
0.26
0.29
0.34
0.3
0.35
0.38
0.35
0.33
0.35
0.35
0.38
0.39
0.35
0.39
0.39
0.34
0.34
0.35
0.34
0.3
0.28
0.28
0.34
0.31
0.29
0.24
0.22
0.16
0.22
0.26
0.27
0.28
0.32
0.35
0.34
0.31
0.34
0.4
0.38
0.42
0.42
0.41
0.44
0.45
0.42
0.39
0.42
0.35
0.4
0.35
0.35
0.36
0.34
0.37
0.36
0.34
0.32
0.26
0.22
0.2
0.26
0.3
0.31
0.3
0.34
0.37
0.37
0.36
0.38
0.39
0.37
0.43
0.42
0.4
0.43
0.44
0.47
0.46
0.43
0.41
0.47
0.46
0.48
0.46
0.41
0.37
0.41
0.32
0.31
0.28
0.21
0.21
0.3
0.32
0.37
0.36
0.33
0.39
0.4
0.39
0.4
0.43
0.44
0.48
0.45
0.51
0.48
0.48
0.48
0.51
0.51
0.45
0.46
0.47
0.5
0.42
0.46
0.46
0.43
0.38
0.31
0.31
0.25
0.25
0.32
0.34
0.39
0.4
0.41
0.39
0.48
0.45
0.41
0.46
0.5
0.52
0.44
0.5
0.5
0.52
0.49
0.54
0.47
0.55
0.53
0.53
0.45
0.46
0.44
0.44
0.46
0.43
0.37
0.31
0.27
0.26
0.27
0.35
0.37
0.4
0.41
0.39
0.47
0.46
0.5
0.45
0.5
0.51
0.45
0.52
0.52
0.55
0.56
0.59
0.55
0.56
0.5
0.51
0.48
0.48
0.47
0.49
0.48
0.48
0.41
0.36
0.28
0.25
0.3
0.34
0.34
0.32
0.34
0.43
0.48
0.48
0.53
0.53
0.55
0.53
0.57
0.52
0.54
0.52
0.52
0.54
0.54
0.51
0.5
0.53
0.54
0.5
0.47
0.48
0.49
0.46
0.38
0.36
0.32
0.2
0.29
0.35
0.38
0.41
0.41
0.41
0.48
0.52
0.52
0.56
0.57
0.57
0.56
0.61
0.61
0.61
0.63
0.61
0.59
0.53
0.52
0.53
0.51
0.47
0.43
0.47
0.45
0.47
0.42
0.36
0.31
0.22
0.31
0.34
0.39
0.41
0.44
0.47
0.52
0.54
0.51
0.54
0.59
0.57
0.56
0.68
0.64
0.64
0.63
0.59
0.66
0.6
0.56
0.54
0.52
0.47
0.47
0.48
0.45
0.51
0.44
0.37
0.3
0.24
0.34
0.35
0.43
0.44
0.42
0.51
0.52
0.51
0.56
0.5
0.6
0.65
0.6
0.7
0.72
0.63
0.68
0.65
0.62
0.6
0.55
0.51
0.49
0.47
0.46
0.43
0.47
0.46
0.44
0.39
0.34
0.28
0.34
0.37
0.47
0.48
0.47
0.55
0.6
0.58
0.53
0.63
0.67
0.67
0.69
0.79
0.74
0.75
0.73
0.7
0.73
0.63
0.55
0.54
0.49
0.45
0.48
0.5
0.44
0.45
0.43
0.36
0.35
0.28
0.33
0.4
0.46
0.47
0.54
0.54
0.54
0.56
0.58
0.65
0.64
0.67
0.75
0.8
0.81
0.78
0.76
0.66
0.69
0.64
0.58
0.57
0.48
0.46
0.46
0.49
0.46
0.47
0.41
0.36
0.31
0.3
0.35
0.4
0.43
0.49
0.53
0.54
0.52
0.53
0.55
0.57
0.66
0.68
0.74
0.83
1.0
0.94
0.76
0.74
0.68
0.68
0.66
0.58
0.53
0.49
0.47
0.49
0.43
0.46
0.42
0.38
0.32
0.25
0.35
0.42
0.44
0.46
0.54
0.52
0.52
0.58
0.62
0.58
0.63
0.63
0.77
1.0
0.91
1.0
0.85
0.74
0.67
0.66
0.57
0.59
0.55
0.47
0.49
0.5
0.47
0.46
0.47
0.37
0.35
0.3
0.32
0.39
0.41
0.43
0.48
0.55
0.52
0.58
0.61
0.62
0.61
0.67
0.76
0.92
1.0
0.87
0.76
0.73
0.69
0.67
0.62
0.58
0.58
0.5
0.56
0.49
0.45
0.47
0.43
0.37
0.31
0.26
0.29
0.36
0.43
0.39
0.44
0.48
0.52
0.51
0.53
0.5
0.65
0.61
0.72
0.8
0.79
0.77
0.68
0.65
0.66
0.63
0.58
0.6
0.61
0.54
0.54
0.42
0.41
0.42
0.41
0.37
0.28
0.27
0.31
0.33
0.4
0.4
0.44
0.52
0.56
0.52
0.5
0.49
0.57
0.57
0.62
0.66
0.71
0.7
0.7
0.62
0.61
0.57
0.58
0.57
0.58
0.54
0.5
0.45
0.37
0.42
0.43
0.39
0.31
0.29
0.32
0.36
0.4
0.4
0.44
0.48
0.47
0.51
0.44
0.5
0.53
0.55
0.62
0.6
0.6
0.58
0.64
0.57
0.62
0.56
0.58
0.57
0.51
0.5
0.45
0.48
0.43
0.39
0.43
0.35
0.27
0.26
0.31
0.34
0.39
0.43
0.43
0.4
0.43
0.46
0.46
0.48
0.52
0.49
0.54
0.52
0.56
0.58
0.6
0.57
0.54
0.61
0.56
0.49
0.48
0.46
0.46
0.46
0.42
0.34
0.34
0.34
0.26
0.27
0.32
0.37
0.35
0.39
0.38
0.37
0.42
0.48
0.47
0.48
0.48
0.48
0.53
0.5
0.53
0.54
0.55
0.53
0.55
0.49
0.57
0.48
0.49
0.46
0.44
0.47
0.35
0.36
0.3
0.28
0.24
0.26
0.29
0.34
0.31
0.35
0.4
0.41
0.44
0.45
0.46
0.45
0.45
0.43
0.52
0.52
0.53
0.5
0.5
0.52
0.45
0.43
0.49
0.46
0.45
0.43
0.43
0.44
0.43
0.37
0.32
0.29
0.23
0.28
0.3
0.36
0.34
0.36
0.35
0.39
0.43
0.46
0.45
0.48
0.44
0.47
0.52
0.5
0.52
0.49
0.5
0.45
0.4
0.42
0.44
0.44
0.47
0.4
0.44
0.42
0.4
0.31
0.29
0.28
0.21
0.21
0.27
0.35
0.33
0.36
0.34
0.36
0.42
0.4
0.39
0.44
0.44
0.49
0.52
0.45
0.47
0.46
0.46
0.45
0.41
0.4
0.43
0.44
0.44
0.4
0.37
0.38
0.33
0.26
0.25
0.23
0.2
0.19
0.24
0.32
0.3
0.34
0.34
0.32
0.38
0.38
0.45
0.46
0.41
0.42
0.45
0.45
0.41
0.39
0.38
0.42
0.38
0.39
0.43
0.41
0.4
0.39
0.33
0.28
0.3
0.29
0.25
0.25
0.18
0.16
0.25
0.25
0.26
0.29
0.28
0.33
0.33
0.36
0.41
0.42
0.37
0.37
0.39
0.34
0.41
0.41
0.37
0.41
0.36
0.38
0.38
0.39
0.4
0.35
0.33
0.32
0.3
0.23
0.23
0.23
0.18
0.16
0.24
0.23
0.27
0.25
0.27
0.27
0.31
0.32
0.36
0.37
0.33
0.34
0.37
0.32
0.38
0.41
0.37
0.38
0.4
0.35
0.35
0.34
0.35
0.31
0.32
0.33
0.31
0.26
0.25
0.23
0.2
0.15
0.23
0.25
0.24
0.25
0.26
0.29
0.28
0.34
0.36
0.34
0.31
0.3
0.32
0.34
0.33
0.35
0.34
0.34
0.37
0.37
0.35
0.33
0.31
0.28
0.27
0.27
0.25
0.28
0.24
0.23
0.15
0.15
0.19
0.21
0.22
0.26
0.24
0.25
0.26
0.29
0.31
0.32
0.3
0.25
0.29
0.33
0.35
0.35
0.29
0.3
0.31
0.33
0.34
0.33
0.3
0.29
0.26
0.24
0.23
0.25
0.25
0.23
0.13
0.14
0.16
0.17
0.19
0.22
0.22
0.26
0.25
0.26
0.22
0.27
0.22
0.18
0.25
0.29
0.29
0.31
0.27
0.27
0.32
0.31
0.28
0.27
0.2
0.21
0.23
0.25
0.23
0.26
0.22
0.19
0.12
0.1
0.11
0.12
0.14
0.18
0.16
0.14
0.17
0.18
0.2
0.23
0.21
0.21
0.22
0.19
0.26
0.27
0.21
0.17
0.15
0.23
0.26
0.23
0.22
0.2
0.22
0.22
0.2
0.23
0.2
0.1
0.08

40.888888888888886
37.72727272727273
39.0
36.25
37.111111111111114
34.72727272727273
32.27272727272727
32.04
31.655172413793103
31.928571428571427
31.416666666666668
30.130434782608695
30.666666666666668
29.571428571428573
29.652173913043477
33.074074074074076
31.48148148148148
31.692307692307693
31.8
33.57142857142857
32.57142857142857
34.857142857142854
35.47826086956522
34.05263157894737
34.470588235294116
38.1578947368421
42.333333333333336
42.9
44.81818181818182
47.333333333333336
48.8
46.6
43.0
39.06666666666667
36.77777777777778
38.0
34.714285714285715
34.370370370370374
32.07142857142857
32.903225806451616
32.8235294117647
32.88235294117647
33.45161290322581
32.1764705882353
32.885714285714286
31.515151515151516
32.1875
31.5625
31.90909090909091
31.575757575757574
30.87878787878788
31.058823529411764
31.967741935483872
34.4375
34.2
36.193548387096776
36.48148148148148
37.90909090909091
40.407407407407405
41.38461538461539
43.07692307692308
44.45454545454545
46.888888888888886
46.8
43.4
38.578947368421055
39.21739130434783
37.608695652173914
33.61538461538461
35.38461538461539
32.206896551724135
31.647058823529413
31.8
31.742857142857144
30.63157894736842
30.65714285714286
30.848484848484848
30.885714285714286
30.742857142857144
29.210526315789473
29.58974358974359
29.457142857142856
29.641025641025642
30.076923076923077
29.11764705882353
31.235294117647058
34.22857142857143
37.11764705882353
34.266666666666666
36.714285714285715
38.42857142857143
39.05882352941177
41.225806451612904
42.724137931034484
43.916666666666664
44.90909090909091
37.125
36.45454545454545
37.76923076923077
38.22222222222222
34.285714285714285
32.8125
32.142857142857146
32.23529411764706
28.548387096774192
29.41176470588235
29.85
29.526315789473685
31.571428571428573
31.047619047619047
31.195121951219512
28.90909090909091
28.42222222222222
28.142857142857142
28.384615384615383
28.333333333333332
30.02857142857143
31.45
33.114285714285714
34.74285714285714
33.888888888888886
35.64705882352941
37.21621621621622
38.333333333333336
37.529411764705884
39.875
40.46153846153846
42.90909090909091
36.3
36.23076923076923
36.0
36.096774193548384
35.4
33.8235294117647
31.62162162162162
29.324324324324323
27.77777777777778
26.789473684210527
28.358974358974358
29.324324324324323
29.953488372093023
26.714285714285715
27.8
26.023255813953487
25.545454545454547
25.76595744680851
26.608695652173914
26.953488372093023
27.75609756097561
29.5531914893617
30.217391304347824
31.625
33.130434782608695
34.02439024390244
35.24324324324324
35.68292682926829
37.25
38.74193548387097
39.714285714285715
43.095238095238095
37.476190476190474
36.53333333333333
36.1875
34.54054054054054
34.27777777777778
33.27272727272727
31.307692307692307
28.5
27.358974358974358
27.15
25.6046511627907
27.363636363636363
26.916666666666668
26.977777777777778
25.431372549019606
22.833333333333332
23.333333333333332
25.041666666666668
25.745098039215687
27.098039215686274
26.68888888888889
27.782608695652176
27.25531914893617
30.64
32.666666666666664
31.869565217391305
34.26086956521739
35.58139534883721
36.73684210526316
37.54838709677419
39.83870967741935
41.44
36.4
35.8125
35.64705882352941
33.256410256410255
32.45
30.70731707317073
30.41025641025641
27.791666666666668
27.511111111111113
25.878048780487806
25.652173913043477
25.84
27.076923076923077
25.818181818181817
24.36
22.8
23.346153846153847
23.857142857142858
23.962962962962962
26.361702127659573
25.963636363636365
26.50943396226415
26.67924528301887
29.844444444444445
29.304347826086957
29.454545454545453
32.22727272727273
33.52173913043478
35.58139534883721
38.729729729729726
38.516129032258064
40.77777777777778
35.76923076923077
35.333333333333336
34.42857142857143
32.972972972972975
31.05
31.073170731707318
29.05128205128205
28.595744680851062
27.47826086956522
25.8
24.68888888888889
22.72
23.54901960784314
24.0
22.0
20.03846153846154
19.618181818181817
21.678571428571427
20.322033898305083
24.0
24.0
25.12
25.627450980392158
26.958333333333332
28.625
29.53191489361702
31.081632653061224
32.041666666666664
35.041666666666664
36.292682926829265
38.388888888888886
39.785714285714285
35.12
33.4
33.05882352941177
31.88235294117647
28.5625
26.88235294117647
27.25581395348837
26.125
26.041666666666668
24.92452830188679
22.49056603773585
21.509090909090908
19.92452830188679
19.280701754385966
18.807692307692307
16.333333333333332
15.807692307692308
16.423076923076923
17.59259259259259
20.22222222222222
23.019607843137255
24.88
25.58490566037736
26.037037037037038
25.52
28.23404255319149
31.083333333333332
32.87755102040816
34.17391304347826
36.1578947368421
37.5
37.75
34.4
32.758620689655174
32.371428571428574
29.736842105263158
29.195121951219512
27.21951219512195
25.634146341463413
25.833333333333332
23.807692307692307
23.115384615384617
21.0
19.82456140350877
19.56140350877193
18.25
17.39344262295082
14.885245901639344
14.639344262295081
15.714285714285714
15.62295081967213
17.152542372881356
20.28301886792453
22.23076923076923
23.339622641509433
23.96078431372549
25.04255319148936
28.372093023255815
29.29787234042553
33.022222222222226
34.319148936170215
34.80952380952381
35.833333333333336
37.225806451612904
33.36363636363637
31.967741935483872
30.294117647058822
29.153846153846153
28.0
26.818181818181817
24.5531914893617
23.96153846153846
22.25925925925926
22.41176470588235
19.48148148148148
18.559322033898304
16.70175438596491
16.142857142857142
14.382352941176471
13.59375
13.09375
13.126984126984127
13.525423728813559
15.212121212121213
17.866666666666667
19.357142857142858
21.333333333333332
24.076923076923077
25.02127659574468
24.78723404255319
27.583333333333332
30.377777777777776
32.27450980392157
34.27272727272727
35.729729729729726
35.733333333333334
33.75
33.1764705882353
30.942857142857143
28.74418604651163
28.454545454545453
27.38095238095238
24.45098039215686
23.03846153846154
21.58823529411765
20.642857142857142
19.0
18.2
14.753846153846155
11.833333333333334
11.285714285714286
10.916666666666666
10.492063492063492
11.029411764705882
12.046153846153846
14.870967741935484
16.666666666666668
18.21818181818182
19.823529411764707
21.632653061224488
24.06382978723404
27.0
27.697674418604652
28.29787234042553
30.565217391304348
33.45454545454545
34.794871794871796
35.470588235294116
32.142857142857146
31.176470588235293
28.37837837837838
28.27659574468085
26.166666666666668
24.404255319148938
23.345454545454544
21.766666666666666
21.482758620689655
19.71698113207547
18.063492063492063
15.328358208955224
14.776119402985074
11.55072463768116
9.113924050632912
8.135135135135135
7.653333333333333
8.89041095890411
10.114285714285714
12.780821917808218
14.031746031746032
17.654545454545456
19.666666666666668
21.775510204081634
22.355555555555554
25.041666666666668
27.0
28.954545454545453
30.4
31.976744186046513
33.72222222222222
35.0
31.785714285714285
30.181818181818183
29.35
28.043478260869566
26.319148936170212
24.25925925925926
22.37037037037037
21.62962962962963
20.035714285714285
18.275862068965516
16.16923076923077
13.21875
11.626865671641792
9.786666666666667
7.675
5.382716049382716
5.769230769230769
7.2894736842105265
9.090909090909092
10.63768115942029
13.40625
16.344827586206897
18.228070175438596
22.208333333333332
22.47826086956522
24.0
26.6734693877551
28.17391304347826
29.76595744680851
32.292682926829265
33.111111111111114
33.354838709677416
31.4
29.97142857142857
30.15
28.348837209302324
25.591836734693878
24.660377358490567
22.48148148148148
21.115384615384617
19.358490566037737
18.345454545454544
14.105263157894736
10.515151515151516
8.176470588235293
6.594594594594595
3.2048192771084336
1.0
2.74468085106383
5.657894736842105
7.108108108108108
9.647058823529411
13.235294117647058
15.909090909090908
18.482758620689655
21.30188679245283
22.489795918367346
25.127659574468087
26.408163265306122
27.558139534883722
29.73913043478261
31.428571428571427
32.8421052631579
32.8125
33.64
31.142857142857142
29.857142857142858
27.59090909090909
25.391304347826086
23.85185185185185
21.807692307692307
20.153846153846153
19.06896551724138
17.516129032258064
14.793103448275861
11.46031746031746
8.555555555555555
4.285714285714286
1.0
2.0
1.0
3.9058823529411764
6.783783783783784
9.701492537313433
12.757575757575758
17.228070175438596
18.559322033898304
20.8
21.085106382978722
24.53061224489796
26.04
28.0
29.0
31.574468085106382
32.78378378378378
32.68571428571428
33.333333333333336
31.5
28.41025641025641
27.097560975609756
24.790697674418606
23.75
21.345454545454544
20.076923076923077
18.551724137931036
15.98360655737705
13.806451612903226
11.524590163934427
9.283582089552239
5.868421052631579
2.260869565217391
1.0
2.6436781609195403
6.131578947368421
7.945205479452055
10.072463768115941
12.0
14.225806451612904
17.79310344827586
20.482758620689655
22.32
24.142857142857142
25.79591836734694
27.755555555555556
29.02127659574468
30.348837209302324
33.24324324324324
33.193548387096776
32.84615384615385
31.379310344827587
29.88888888888889
26.976744186046513
25.512820512820515
23.59090909090909
21.583333333333332
20.115384615384617
18.725490196078432
16.150943396226417
13.44
11.476923076923077
9.754098360655737
7.638888888888889
4.175
3.949367088607595
5.909090909090909
7.852941176470588
9.923076923076923
10.666666666666666
11.53968253968254
14.068965517241379
17.6
19.37704918032787
21.40740740740741
23.22222222222222
24.333333333333332
27.024390243902438
29.428571428571427
29.414634146341463
30.08108108108108
32.142857142857146
33.407407407407405
31.967741935483872
28.90909090909091
26.6
26.35
24.40909090909091
22.884615384615383
21.678571428571427
19.884615384615383
16.96
14.081632653061224
12.649122807017545
11.614035087719298
9.903225806451612
8.242424242424242
9.112676056338028
10.057142857142857
10.457142857142857
11.483870967741936
11.688524590163935
12.982456140350877
15.0
18.035087719298247
20.689655172413794
22.0
24.28
25.555555555555557
27.54054054054054
29.761904761904763
30.162790697674417
30.358974358974358
32.225806451612904
31.82758620689655
30.25
29.88888888888889
28.5
26.4
25.227272727272727
24.375
22.21276595744681
20.686274509803923
17.09090909090909
14.4
13.622641509433961
11.436363636363636
11.903225806451612
11.066666666666666
12.0
11.827586206896552
12.46875
11.982456140350877
13.451612903225806
14.714285714285714
17.03448275862069
19.45614035087719
21.058823529411764
23.36
23.022222222222222
27.208333333333332
28.651162790697676
29.974358974358974
30.372093023255815
32.2
32.96296296296296
31.0
30.548387096774192
29.41176470588235
29.307692307692307
25.767441860465116
26.25581395348837
22.35
21.372093023255815
20.0
16.73913043478261
14.875
14.692307692307692
13.061224489795919
14.148148148148149
14.076923076923077
14.0
14.241379310344827
15.1
14.666666666666666
14.11111111111111
16.59016393442623
18.142857142857142
20.775510204081634
23.5
25.73913043478261
26.82608695652174
28.608695652173914
29.047619047619047
32.529411764705884
30.0
31.176470588235293
32.46153846153846
32.407407407407405
31.0625
30.135135135135137
29.82857142857143
27.76923076923077
27.789473684210527
23.10810810810811
22.571428571428573
21.125
18.893617021276597
18.083333333333332
15.25
15.708333333333334
15.547169811320755
16.4
15.69811320754717
15.703703703703704
16.654545454545456
16.849056603773583
17.418181818181818
20.06122448979592
21.263157894736842
23.125
25.510204081632654
25.73913043478261
28.5
30.106382978723403
31.02857142857143
31.61111111111111
31.6
32.214285714285715
31.583333333333332
32.38461538461539
31.275862068965516
31.764705882352942
29.451612903225808
29.485714285714284
27.95
24.390243902439025
22.636363636363637
22.177777777777777
21.26086956521739
19.866666666666667
16.466666666666665
16.790697674418606
16.653846153846153
16.76923076923077
16.471698113207548
18.36
17.76
18.0
19.933333333333334
21.767441860465116
23.367346938775512
25.217391304347824
28.466666666666665
28.41860465116279
30.348837209302324
30.636363636363637
31.0
30.0
32.375
35.58620689655172
36.130434782608695
35.0
33.333333333333336
32.27777777777778
30.235294117647058
29.72222222222222
28.4
25.871794871794872
24.093023255813954
23.26086956521739
22.622222222222224
22.125
19.863636363636363
19.29787234042553
18.73076923076923
19.44
19.53846153846154
20.46938775510204
20.76
21.488888888888887
22.15
24.238095238095237
26.272727272727273
27.272727272727273
28.340425531914892
29.45
31.136363636363637
31.142857142857142
32.45
32.16129032258065
34.06896551724138
34.5
38.285714285714285
33.80952380952381
32.7037037037037
32.57142857142857
34.03030303030303
31.555555555555557
29.88235294117647
28.5
28.142857142857142
26.8
23.256410256410255
22.045454545454547
21.40909090909091
21.591836734693878
22.192307692307693
22.444444444444443
21.680851063829788
23.26086956521739
23.652173913043477
23.555555555555557
24.121951219512194
25.95
27.511627906976745
28.818181818181817
30.5
31.45
31.216216216216218
30.736842105263158
31.727272727272727
32.92307692307692
34.76
34.869565217391305
38.2
32.68421052631579
33.416666666666664
31.9375
31.466666666666665
32.529411764705884
31.647058823529413
30.5625
29.05263157894737
27.789473684210527
25.511111111111113
25.52173913043478
23.804878048780488
24.38095238095238
24.755555555555556
22.91111111111111
23.658536585365855
24.794871794871796
26.263157894736842
26.428571428571427
26.31578947368421
25.974358974358974
27.86046511627907
29.390243902439025
30.85
31.153846153846153
31.696969696969695
31.642857142857142
33.2
34.58620689655172
36.0
35.72
39.0
35.125
33.56
32.72
32.92307692307692
34.41379310344828
34.785714285714285
30.484848484848484
29.484848484848484
27.61111111111111
28.121951219512194
27.857142857142858
27.7027027027027
24.81081081081081
25.46153846153846
25.529411764705884
26.75609756097561
27.317073170731707
26.513513513513512
28.585365853658537
29.055555555555557
28.94736842105263
29.473684210526315
31.025641025641026
30.65
30.742857142857144
32.03030303030303
33.375
34.266666666666666
34.869565217391305
35.43478260869565
36.52173913043478
39.55555555555556
35.0
35.25
33.95652173913044
33.629629629629626
35.88
33.333333333333336
29.74074074074074
30.322580645161292
29.6875
28.444444444444443
28.83783783783784
28.545454545454547
27.235294117647058
26.37837837837838
26.875
27.210526315789473
28.26829268292683
29.405405405405407
29.63157894736842
29.45
31.62857142857143
32.17142857142857
31.11764705882353
31.714285714285715
32.87096774193548
34.25
35.60606060606061
36.903225806451616
36.69230769230769
37.92
36.47826086956522
39.8
34.266666666666666
35.26086956521739
36.24
36.083333333333336
35.2
30.692307692307693
31.724137931034484
32.0
29.529411764705884
28.27777777777778
28.11764705882353
29.193548387096776
30.0
29.6875
28.58823529411765
28.696969696969695
29.428571428571427
30.647058823529413
30.823529411764707
30.35135135135135
31.08108108108108
33.0
32.18181818181818
32.16129032258065
33.92857142857143
35.51851851851852
36.888888888888886
38.84
37.785714285714285
38.916666666666664
39.391304347826086
40.2
35.666666666666664
36.10526315789474
37.38095238095238
37.0
36.15384615384615
34.666666666666664
31.72
32.69230769230769
31.551724137931036
31.225806451612904
30.9375
30.4
30.12
29.724137931034484
30.454545454545453
29.942857142857143
29.857142857142858
28.551724137931036
30.933333333333334
31.93548387096774
30.939393939393938
33.35294117647059
35.303030303030305
35.06666666666667
35.62068965517241
38.38461538461539
38.833333333333336
39.47826086956522
41.64
42.88
42.04347826086956
40.46153846153846
36.142857142857146
36.625
37.05882352941177
37.0
36.0
37.36363636363637
35.15384615384615
34.76
33.0
30.818181818181817
31.62962962962963
32.27272727272727
32.55555555555556
30.28
31.310344827586206
32.241379310344826
31.483870967741936
29.962962962962962
31.85185185185185
31.5
33.61290322580645
35.57142857142857
36.888888888888886
37.9
41.523809523809526
41.869565217391305
41.04
41.52173913043478
42.92307692307692
42.18181818181818
43.05263157894737
41.0
39.0
38.54545454545455
37.0
36.42857142857143
37.55555555555556
36.125
35.285714285714285
35.294117647058826
33.111111111111114
31.6
32.82608695652174
32.476190476190474
34.04761904761905
34.09090909090909
35.63157894736842
33.46153846153846
33.81481481481482
33.333333333333336
32.64705882352941
30.8
33.95652173913044
36.53846153846154
36.04347826086956
38.54545454545455
41.4
42.81818181818182
42.63636363636363
44.2
44.30434782608695
43.3
44.0
39.5
