0.22
0.08
0.16
0.19
0.14
0.17
0.08
0.14
0.1
0.19
0.17
0.11
0.06
0.08
0.1
0.14
0.12
0.1
0.14
0.09
0.1
0.13
0.14
0.22
0.15
0.1
0.08
0.1
0.19
0.27
0.16
0.09
0.1
0.13
0.2
0.25
0.27
0.23
0.14
0.19
0.14
0.11
0.12
0.12
0.12
0.11
0.12
0.15
0.13
0.17
0.18
0.12
0.12
0.22
0.21
0.14
0.2
0.12
0.11
0.2
0.17
0.23
0.21
0.08
0.18
0.19
0.25
0.27
0.22
0.21
0.14
0.15
0.16
0.22
0.25
0.22
0.15
0.23
0.15
0.11
0.15
0.08
0.18
0.27
0.16
0.14
0.25
0.14
0.13
0.12
0.2
0.17
0.17
0.19
0.2
0.16
0.18
0.18
0.26
0.27
0.21
0.19
0.12
0.23
0.3
0.3
0.3
0.33
0.15
0.17
0.18
0.16
0.15
0.13
0.24
0.2
0.15
0.12
0.19
0.15
0.09
0.15
0.17
0.12
0.18
0.24
0.29
0.17
0.19
0.19
0.14
0.17
0.19
0.15
0.12
0.17
0.25
0.26
0.2
0.23
0.15
0.21
0.24
0.26
0.19
0.14
0.13
0.21
0.21
0.15
0.26
0.21
0.16
0.12
0.14
0.12
0.15
0.2
0.16
0.18
0.25
0.22
0.14
0.11
0.14
0.09
0.09
0.14
0.19
0.25
0.2
0.21
0.21
0.18
0.19
0.27
0.2
0.17
0.12
0.13
0.08
0.09
0.18
0.19
0.2
0.08
0.11
0.17
0.22
0.21
0.13
0.09
0.22
0.17
0.14
0.14
0.14
0.11
0.18
0.21
0.23
0.26
0.25
0.24
0.23
0.18
0.17
0.21
0.28
0.21
0.14
0.17
0.1
0.11
0.18
0.22
0.23
0.08
0.07
0.11
0.18
0.24
0.13
0.08
0.19
0.19
0.15
0.13
0.19
0.16
0.22
0.2
0.28
0.29
0.19
0.15
0.24
0.22
0.2
0.24
0.3
0.26
0.2
0.23
0.1
0.09
0.11
0.15
0.1
0.05
0.13
0.14
0.18
0.14
0.13
0.08
0.11
0.18
0.16
0.11
0.14
0.17
0.17
0.21
0.27
0.23
0.15
0.13
0.18
0.16
0.26
0.23
0.19
0.2
0.19
0.2
0.1
0.08
0.06
0.13
0.09
0.13
0.13
0.16
0.2
0.18
0.13
0.12
0.16
0.18
0.14
0.15
0.12
0.16
0.2
0.25
0.23
0.19
0.15
0.14
0.19
0.16
0.19
0.22
0.14
0.14
0.13
0.15
0.16
0.12
0.11
0.15
0.19
0.13
0.13
0.15
0.18
0.12
0.11
0.11
0.2
0.32
0.21
0.16
0.1
0.2
0.23
0.21
0.13
0.15
0.18
0.16
0.14
0.18
0.25
0.17
0.11
0.18
0.19
0.15
0.16
0.18
0.18
0.26
0.15
0.13
0.09
0.11
0.13
0.11
0.16
0.16
0.15
0.24
0.19
0.14
0.2
0.14
0.2
0.23
0.16
0.1
0.19
0.15
0.21
0.12
0.21
0.2
0.11
0.2
0.14
0.22
0.23
0.25
0.2
0.26
0.23
0.12
0.07
0.14
0.16
0.1
0.26
0.19
0.1
0.18
0.19
0.13
0.14
0.09
0.09
0.14
0.1
0.09
0.14
0.17
0.24
0.25
0.22
0.24
0.13
0.21
0.27
0.18
0.32
0.26
0.2
0.21
0.22
0.15
0.13
0.18
0.25
0.2
0.22
0.16
0.13
0.12
0.19
0.14
0.17
0.12
0.08
0.09
0.12
0.14
0.2
0.18
0.18
0.24
0.31
0.33
0.24
0.26
0.2
0.15
0.27
0.25
0.15
0.17
0.21
0.18
0.18
0.13
0.18
0.13
0.1
0.14
0.15
0.13
0.14
0.17
0.22
0.13
0.14
0.11
0.17
0.18
0.16
0.18
0.22
0.25
0.35
0.44
0.3
0.25
0.25
0.19
0.2
0.2
0.26
0.25
0.22
0.17
0.24
0.28
0.22
0.13
0.06
0.08
0.1
0.12
0.1
0.13
0.16
0.2
0.17
0.19
0.16
0.12
0.11
0.2
0.26
0.29
0.48
1.0
0.35
0.23
0.22
0.16
0.15
0.18
0.28
0.24
0.24
0.2
0.22
0.26
0.16
0.19
0.17
0.11
0.12
0.18
0.15
0.12
0.11
0.17
0.22
0.18
0.2
0.11
0.1
0.14
0.16
0.26
0.32
0.45
0.28
0.21
0.15
0.1
0.13
0.17
0.26
0.23
0.25
0.25
0.22
0.16
0.16
0.22
0.18
0.1
0.09
0.13
0.2
0.18
0.11
0.18
0.24
0.18
0.17
0.1
0.07
0.1
0.15
0.29
0.24
0.26
0.21
0.23
0.2
0.14
0.16
0.16
0.2
0.23
0.18
0.22
0.25
0.15
0.16
0.17
0.2
0.12
0.13
0.12
0.2
0.14
0.14
0.13
0.2
0.23
0.24
0.11
0.13
0.09
0.15
0.28
0.24
0.23
0.22
0.16
0.24
0.22
0.15
0.14
0.22
0.24
0.23
0.16
0.19
0.16
0.11
0.13
0.15
0.12
0.16
0.09
0.06
0.13
0.09
0.12
0.18
0.23
0.21
0.13
0.13
0.12
0.2
0.25
0.27
0.23
0.18
0.16
0.16
0.13
0.14
0.14
0.21
0.18
0.19
0.22
0.18
0.16
0.18
0.17
0.14
0.11
0.08
0.09
0.11
0.09
0.15
0.14
0.15
0.18
0.17
0.2
0.12
0.11
0.11
0.21
0.24
0.21
0.18
0.18
0.18
0.14
0.14
0.12
0.26
0.16
0.16
0.19
0.16
0.13
0.23
0.15
0.19
0.15
0.1
0.14
0.16
0.1
0.19
0.19
0.15
0.16
0.18
0.14
0.19
0.15
0.09
0.13
0.13
0.1
0.14
0.22
0.21
0.16
0.24
0.16
0.2
0.22
0.2
0.2
0.25
0.22
0.18
0.22
0.25
0.29
0.15
0.15
0.12
0.1
0.18
0.12
0.12
0.15
0.21
0.16
0.17
0.1
0.09
0.12
0.12
0.11
0.15
0.22
0.23
0.17
0.14
0.16
0.23
0.26
0.15
0.14
0.18
0.2
0.18
0.22
0.23
0.24
0.12
0.1
0.17
0.13
0.15
0.17
0.19
0.19
0.25
0.2
0.14
0.1
0.08
0.13
0.21
0.18
0.25
0.22
0.16
0.17
0.14
0.18
0.2
0.3
0.27
0.12
0.14
0.24
0.21
0.17
0.18
0.17
0.14
0.17
0.14
0.19
0.12
0.1
0.12
0.16
0.28
0.23
0.28
0.17
0.11
0.14
0.18
0.17
0.19
0.25
0.14
0.18
0.18
0.21
0.21
0.25
0.23
0.21
0.2
0.25
0.21
0.15
0.12
0.1
0.18
0.2
0.15
0.25
0.16
0.19
0.21
0.29
0.3
0.22
0.22
0.15
0.17
0.17
0.26
0.16
0.15
0.16
0.16
0.21
0.14
0.21
0.24
0.26
0.18
0.26
0.16
0.19
0.22
0.29
0.21
0.22
0.13
0.16
0.2
0.16
0.19
0.22
0.21
0.26
0.22
0.24
0.28
0.21
0.15
0.12
0.14
0.1
0.09
0.13
0.18
0.16
0.22
0.3
0.25
0.21
0.18
0.21
0.14
0.14
0.22
0.24
0.25
0.24
0.06
0.19
0.19
0.27
0.22
0.23
0.18
0.21
0.16
0.13
0.15
0.18
0.12
0.14
0.26
0.15
0.08
0.15
0.21
0.15
0.18
0.21
0.26
0.15
0.14
0.2
0.15
0.17
0.24
0.2
0.26
0.18
0.15
0.14
0.25
0.3
0.25
0.21
0.25
0.14
0.21
0.15
0.12
0.14
0.14
0.24
0.2
0.15
0.15
0.16
0.17
0.18
0.2
0.19
0.28
0.18
0.12
0.22
0.17
0.2
0.19
0.18
0.26
0.2
0.14
0.13
0.24
0.27
0.18
0.21
0.17
0.11
0.18
0.19
0.17
0.21
0.15
0.16
0.19
0.19
0.1
0.14
0.18
0.17
0.15
0.17
0.25
0.19
0.17
0.15
0.14
0.15
0.23
0.15
0.15
0.14
0.12
0.12
0.11
0.17
0.13
0.17
0.2
0.15
0.12
0.19
0.13
0.13
0.12
0.17
0.19
0.16
0.06
0.11
0.11
0.14
0.16
0.16
0.19
0.13
0.13
0.14
0.1
0.08
0.12
0.08
0.07
0.08
0.11
0.17
0.09
0.09
0.19
0.16
0.09
0.07
0.11
0.12
0.13
0.13
0.13
0.06
0.2
0.12
0.11
0.12
0.1
0.09
0.08
0.11
0.17
0.11
0.12
0.14
0.18
0.08
0.1
0.11
0.08
0.11

21.272727272727273
21.75
18.5625
18.94736842105263
19.071428571428573
17.352941176470587
14.875
21.5
21.7
15.368421052631579
18.176470588235293
22.545454545454547
23.333333333333332
29.875
29.4
23.928571428571427
27.166666666666668
23.0
23.857142857142858
20.11111111111111
24.9
22.615384615384617
22.285714285714285
18.454545454545453
23.133333333333333
26.5
27.5
25.4
22.42105263157895
20.296296296296298
21.375
16.11111111111111
19.1
20.46153846153846
19.2
19.04
20.37037037037037
19.26086956521739
19.928571428571427
20.210526315789473
23.428571428571427
19.454545454545453
14.583333333333334
17.0
17.416666666666668
25.727272727272727
27.5
22.533333333333335
21.615384615384617
23.58823529411765
27.27777777777778
21.75
23.916666666666668
22.318181818181817
20.285714285714285
17.857142857142858
19.8
31.166666666666668
27.90909090909091
24.3
22.705882352941178
22.391304347826086
22.238095238095237
17.0
22.555555555555557
20.05263157894737
18.68
21.962962962962962
23.5
16.38095238095238
20.357142857142858
21.533333333333335
22.5
16.09090909090909
14.76
11.863636363636363
14.0
16.304347826086957
24.266666666666666
18.727272727272727
24.4
26.875
24.444444444444443
24.51851851851852
24.625
22.714285714285715
22.4
22.428571428571427
19.0
30.916666666666668
22.4
25.352941176470587
23.823529411764707
21.894736842105264
21.4
18.0625
25.77777777777778
23.72222222222222
16.76923076923077
18.40740740740741
23.238095238095237
21.57894736842105
23.583333333333332
18.782608695652176
19.066666666666666
19.233333333333334
13.733333333333333
3.8181818181818183
8.2
18.0
22.833333333333332
25.375
28.0
27.76923076923077
24.25
20.85
21.666666666666668
24.416666666666668
20.57894736842105
22.733333333333334
25.555555555555557
26.933333333333334
23.176470588235293
24.166666666666668
21.27777777777778
22.0
21.75862068965517
19.705882352941178
24.736842105263158
25.263157894736842
21.0
19.0
23.31578947368421
23.2
28.083333333333332
20.823529411764707
23.0
21.115384615384617
17.95
11.782608695652174
12.933333333333334
16.61904761904762
19.416666666666668
20.423076923076923
22.105263157894736
23.142857142857142
22.692307692307693
23.857142857142858
22.476190476190474
24.6
21.192307692307693
24.38095238095238
26.25
24.416666666666668
24.785714285714285
26.0
22.133333333333333
19.95
20.8125
23.0
22.76
25.40909090909091
22.642857142857142
20.363636363636363
25.285714285714285
24.0
23.77777777777778
24.071428571428573
22.736842105263158
19.04
22.7
20.523809523809526
17.666666666666668
23.0
23.263157894736842
21.333333333333332
24.55
25.176470588235293
23.416666666666668
23.53846153846154
23.25
21.88888888888889
21.444444444444443
21.05263157894737
24.2
21.75
21.818181818181817
25.0
25.136363636363637
21.714285714285715
25.23076923076923
23.555555555555557
23.90909090909091
20.176470588235293
18.5
19.785714285714285
21.857142857142858
20.363636363636363
21.0
20.238095238095237
20.956521739130434
21.884615384615383
21.56
21.25
20.26086956521739
23.5
22.941176470588236
22.0
20.392857142857142
20.952380952380953
20.5
19.0
23.0
18.90909090909091
22.0
22.818181818181817
23.695652173913043
23.0
20.571428571428573
25.0
23.5
25.666666666666668
23.53846153846154
20.75
21.263157894736842
20.42105263157895
20.466666666666665
19.923076923076923
20.526315789473685
20.0
22.727272727272727
23.5
21.357142857142858
21.482758620689655
24.473684210526315
28.666666666666668
20.291666666666668
22.318181818181817
19.3
20.541666666666668
22.1
19.192307692307693
24.75
22.08695652173913
23.4
20.0
24.818181818181817
24.666666666666668
23.3
22.8
16.923076923076923
29.142857142857142
23.166666666666668
25.857142857142858
20.46153846153846
23.25
19.272727272727273
24.38888888888889
20.125
21.636363636363637
22.071428571428573
21.764705882352942
20.294117647058822
20.095238095238095
15.074074074074074
19.0
22.4
21.76923076923077
22.5
21.3125
23.0
20.043478260869566
23.473684210526315
22.1
25.263157894736842
25.2
27.7
22.625
28.5
20.076923076923077
21.88888888888889
27.923076923076923
22.923076923076923
22.1875
16.1
20.22222222222222
19.846153846153847
18.833333333333332
24.75
22.944444444444443
21.571428571428573
22.466666666666665
20.666666666666668
18.8125
19.55
20.52
21.869565217391305
24.0
26.266666666666666
22.642857142857142
23.210526315789473
20.0625
19.210526315789473
22.59090909090909
21.0
21.0
22.46153846153846
23.2
21.9375
22.666666666666668
23.818181818181817
18.6
20.210526315789473
26.307692307692307
27.0
23.133333333333333
20.38888888888889
25.0
23.181818181818183
24.09090909090909
22.85
21.0
23.571428571428573
26.25
23.8
21.15
21.130434782608695
21.571428571428573
23.692307692307693
27.733333333333334
25.833333333333332
22.5625
22.428571428571427
20.22222222222222
19.52
21.705882352941178
20.454545454545453
20.833333333333332
22.105263157894736
21.6
22.875
22.11111111111111
21.833333333333332
19.23076923076923
24.133333333333333
26.307692307692307
27.77777777777778
24.181818181818183
21.76923076923077
23.09090909090909
21.125
18.875
22.266666666666666
23.5
26.0
27.357142857142858
24.4
27.071428571428573
23.7
24.130434782608695
20.75
26.2
27.63157894736842
25.866666666666667
23.285714285714285
20.833333333333332
23.238095238095237
21.35
21.454545454545453
21.75
18.5
19.272727272727273
18.608695652173914
20.56
20.15
20.615384615384617
22.782608695652176
24.166666666666668
28.571428571428573
25.5
21.625
24.2
18.692307692307693
18.31578947368421
25.4
22.944444444444443
25.210526315789473
23.76923076923077
22.928571428571427
29.555555555555557
25.88888888888889
25.642857142857142
27.9
28.444444444444443
27.357142857142858
28.647058823529413
23.541666666666668
20.4
20.227272727272727
17.333333333333332
19.923076923076923
20.0
18.925925925925927
19.444444444444443
21.125
20.192307692307693
20.75
22.0
21.954545454545453
19.8
18.692307692307693
21.333333333333332
21.32
21.6
21.136363636363637
19.75
20.384615384615383
23.25
23.473684210526315
25.714285714285715
24.529411764705884
25.75
23.5
25.11111111111111
23.0
26.0
22.95
26.0
18.333333333333332
17.916666666666668
17.032258064516128
11.909090909090908
15.291666666666666
14.692307692307692
16.9
19.2
18.85185185185185
20.16
22.0
25.941176470588236
21.666666666666668
22.5
23.444444444444443
22.23076923076923
22.77777777777778
20.0
24.2
22.0
12.533333333333333
20.615384615384617
21.428571428571427
24.470588235294116
24.09090909090909
22.76923076923077
22.785714285714285
24.363636363636363
23.294117647058822
21.666666666666668
24.625
21.22222222222222
21.045454545454547
15.6
10.942857142857143
6.363636363636363
5.533333333333333
15.8
18.6
21.63157894736842
21.05
19.45
14.461538461538462
19.68
21.59090909090909
20.235294117647058
20.25
22.5
22.90909090909091
20.307692307692307
23.5
25.25
13.0
25.416666666666668
21.6
21.846153846153847
26.125
23.45
21.941176470588236
21.68421052631579
22.25
22.666666666666668
20.90909090909091
22.4
19.03846153846154
14.96551724137931
8.708333333333334
1.0
4.142857142857143
12.565217391304348
12.545454545454545
19.8125
24.533333333333335
20.88888888888889
17.821428571428573
19.291666666666668
18.958333333333332
19.7
19.136363636363637
20.076923076923077
20.625
24.68421052631579
23.352941176470587
21.90909090909091
22.916666666666668
24.22222222222222
23.733333333333334
24.75
23.727272727272727
25.058823529411764
24.181818181818183
25.0
16.55
17.454545454545453
23.4
22.214285714285715
22.6875
15.461538461538462
13.125
8.577777777777778
7.607142857142857
14.047619047619047
11.8
18.6
26.46153846153846
25.11764705882353
21.46153846153846
22.869565217391305
22.4
25.24
22.5
22.0
22.0625
22.59090909090909
24.166666666666668
24.5
22.11111111111111
24.307692307692307
24.2
23.22222222222222
25.09090909090909
21.444444444444443
20.208333333333332
18.333333333333332
15.352941176470589
14.5
27.0
24.5
15.6
19.75862068965517
17.666666666666668
12.038461538461538
11.761904761904763
15.043478260869565
15.55
18.0
22.6875
25.25
22.85
24.347826086956523
22.22222222222222
24.636363636363637
20.92
20.866666666666667
22.0625
20.41176470588235
23.0
22.25
16.615384615384617
30.583333333333332
27.7
25.928571428571427
25.5
23.53846153846154
24.6
22.652173913043477
19.166666666666668
20.09090909090909
23.846153846153847
23.666666666666668
19.266666666666666
20.321428571428573
23.125
16.434782608695652
18.772727272727273
15.8125
19.708333333333332
20.181818181818183
23.4
25.285714285714285
24.0
26.25
27.26086956521739
24.875
23.63157894736842
27.0625
22.272727272727273
23.692307692307693
20.733333333333334
20.166666666666668
20.5
29.666666666666668
35.666666666666664
23.846153846153847
23.88888888888889
27.333333333333332
21.944444444444443
22.043478260869566
18.476190476190474
21.53846153846154
25.076923076923077
24.5
25.0
21.44
21.48148148148148
21.782608695652176
24.555555555555557
21.6875
22.1875
18.923076923076923
24.428571428571427
22.857142857142858
22.476190476190474
26.11111111111111
24.842105263157894
20.272727272727273
20.944444444444443
23.0
21.11111111111111
23.705882352941178
20.785714285714285
21.545454545454547
19.25
24.333333333333332
31.09090909090909
28.77777777777778
25.0
26.571428571428573
25.333333333333332
24.11111111111111
21.352941176470587
20.65
22.25
26.818181818181817
24.181818181818183
22.476190476190474
22.666666666666668
24.0
22.5
19.055555555555557
19.166666666666668
20.5
20.642857142857142
22.083333333333332
19.23076923076923
22.1875
22.75
21.57894736842105
17.6875
22.153846153846153
22.434782608695652
20.933333333333334
20.63157894736842
21.133333333333333
23.9
24.357142857142858
24.6875
26.4
24.36842105263158
27.894736842105264
25.866666666666667
23.8125
23.27777777777778
23.642857142857142
21.36842105263158
22.266666666666666
21.22222222222222
19.23076923076923
19.46153846153846
21.2
24.0
21.5
20.571428571428573
22.25
21.75
19.5
22.95
21.40909090909091
24.2
22.7
20.68
21.09090909090909
25.11111111111111
22.727272727272727
23.68
20.82758620689655
22.4
21.333333333333332
20.916666666666668
24.1
26.166666666666668
28.75
27.916666666666668
22.266666666666666
20.523809523809526
22.9375
22.58823529411765
18.6
20.333333333333332
24.0
28.416666666666668
26.727272727272727
20.0
20.181818181818183
20.347826086956523
19.0
20.357142857142858
19.8125
23.17391304347826
18.653846153846153
19.0
20.642857142857142
23.61111111111111
24.05
25.72222222222222
26.40909090909091
25.782608695652176
21.375
21.0
23.3
22.529411764705884
26.692307692307693
25.866666666666667
28.647058823529413
27.736842105263158
24.31578947368421
21.32
21.2
24.5
21.9
21.0
28.53846153846154
24.952380952380953
25.61111111111111
19.68
20.0
20.6875
21.294117647058822
22.0
18.055555555555557
15.2
12.2
17.074074074074073
19.166666666666668
18.071428571428573
24.5
25.761904761904763
24.88235294117647
24.944444444444443
25.647058823529413
17.642857142857142
23.176470588235293
24.642857142857142
24.105263157894736
24.0
28.7
27.0
23.1875
20.25
19.869565217391305
23.571428571428573
23.11764705882353
22.454545454545453
21.214285714285715
24.72222222222222
24.11764705882353
23.105263157894736
18.08
21.428571428571427
20.944444444444443
23.055555555555557
22.38095238095238
21.0
20.04
21.043478260869566
21.19047619047619
19.85
20.24
21.428571428571427
23.533333333333335
26.416666666666668
24.0
19.38888888888889
18.15
20.2
22.76
21.4375
22.789473684210527
23.761904761904763
19.82758620689655
19.2
19.09090909090909
22.727272727272727
22.266666666666666
23.764705882352942
22.352941176470587
22.384615384615383
18.875
22.2
16.75
26.0625
21.19047619047619
22.071428571428573
19.476190476190474
19.0
21.807692307692307
19.944444444444443
22.23076923076923
21.375
16.36842105263158
17.181818181818183
18.517241379310345
17.142857142857142
20.772727272727273
22.307692307692307
22.5
20.65
20.1875
21.68421052631579
22.681818181818183
26.80952380952381
26.5
22.545454545454547
22.208333333333332
21.071428571428573
25.095238095238095
21.066666666666666
21.166666666666668
19.214285714285715
17.1
21.555555555555557
20.46153846153846
23.61111111111111
24.5
19.5
12.7
18.36
23.80952380952381
18.72222222222222
22.952380952380953
20.071428571428573
24.428571428571427
19.40909090909091
19.625
19.44
20.625
21.166666666666668
23.526315789473685
21.105263157894736
24.22222222222222
20.818181818181817
24.52173913043478
22.11111111111111
25.571428571428573
24.1875
24.615384615384617
22.8
24.72222222222222
22.333333333333332
19.928571428571427
17.76923076923077
16.0
19.125
22.066666666666666
23.428571428571427
24.066666666666666
19.5
19.19047619047619
20.346153846153847
28.466666666666665
28.714285714285715
25.75
21.466666666666665
18.294117647058822
20.583333333333332
20.05
20.46153846153846
20.444444444444443
22.466666666666665
23.571428571428573
21.72
20.266666666666666
22.76
24.666666666666668
23.4
29.285714285714285
26.952380952380953
22.733333333333334
21.0
20.0
20.642857142857142
18.625
18.2
18.6
21.066666666666666
22.625
19.058823529411764
25.72222222222222
17.2
21.210526315789473
21.357142857142858
24.333333333333332
23.833333333333332
25.636363636363637
25.529411764705884
24.3
21.789473684210527
22.0
22.26923076923077
21.45
20.714285714285715
23.692307692307693
22.666666666666668
23.59259259259259
24.0
23.476190476190474
27.529411764705884
27.09090909090909
24.27777777777778
20.473684210526315
20.58823529411765
17.952380952380953
17.2
18.3125
17.157894736842106
18.894736842105264
20.5
18.571428571428573
19.166666666666668
22.647058823529413
22.933333333333334
21.529411764705884
20.88
25.263157894736842
28.11764705882353
24.733333333333334
24.071428571428573
21.8
19.130434782608695
22.533333333333335
22.6
22.142857142857142
21.25
26.833333333333332
24.545454545454547
24.88235294117647
22.076923076923077
22.529411764705884
21.2
17.8
18.666666666666668
17.263157894736842
18.923076923076923
23.46153846153846
21.833333333333332
19.705882352941178
19.105263157894736
19.125
17.166666666666668
18.90909090909091
22.181818181818183
22.571428571428573
23.1875
22.75
25.94736842105263
27.46153846153846
27.53846153846154
26.5
25.5
20.5
15.75
20.625
19.857142857142858
22.0
21.09090909090909
26.941176470588236
26.333333333333332
20.22222222222222
22.63157894736842
23.375
24.11111111111111
19.142857142857142
25.272727272727273
23.333333333333332
23.846153846153847
24.076923076923077
25.923076923076923
20.0
22.75
20.75
21.0
23.666666666666668
26.7
23.444444444444443
20.375
21.181818181818183
23.352941176470587
27.90909090909091
27.833333333333332
26.142857142857142
24.88888888888889
26.625
19.5
19.818181818181817
20.25
23.545454545454547
