0.86
0.73
0.73
0.89
0.82
0.9
0.84
0.84
0.75
0.89
0.92
0.87
0.75
0.64
0.69
0.79
0.8
0.74
0.79
0.69
0.75
0.82
0.79
0.91
0.86
0.78
0.65
0.73
0.82
0.92
0.72
0.69
0.76
0.81
0.83
0.9
0.88
0.87
0.8
0.93
0.91
0.91
0.89
0.88
0.87
0.82
0.88
0.92
0.88
0.85
0.91
0.8
0.85
0.93
0.9
0.91
0.92
0.85
0.8
0.92
0.87
0.89
0.92
0.79
0.91
0.94
0.93
0.92
0.88
0.9
0.85
0.84
0.91
0.86
0.91
0.9
0.93
0.92
0.91
0.87
0.86
0.86
0.87
0.92
0.89
0.9
0.9
0.86
0.85
0.81
0.92
0.86
0.9
0.91
0.89
0.84
0.84
0.81
0.91
0.9
0.89
0.88
0.91
0.9
0.93
0.94
0.92
0.87
0.89
0.86
0.85
0.87
0.84
0.86
0.9
0.91
0.85
0.91
0.91
0.87
0.86
0.89
0.86
0.89
0.91
0.92
0.92
0.88
0.77
0.83
0.87
0.91
0.85
0.92
0.88
0.86
0.9
0.94
0.91
0.9
0.8
0.91
0.93
0.94
0.93
0.85
0.89
0.94
0.93
0.89
0.93
0.94
0.85
0.88
0.91
0.9
0.82
0.9
0.83
0.9
0.87
0.93
0.8
0.84
0.85
0.87
0.82
0.85
0.89
0.85
0.91
0.94
0.93
0.93
0.91
0.93
0.87
0.91
0.84
0.88
0.89
0.88
0.89
0.9
0.92
0.89
0.83
0.79
0.91
0.91
0.82
0.77
0.89
0.82
0.85
0.85
0.84
0.8
0.84
0.9
0.92
0.9
0.92
0.93
0.94
0.9
0.88
0.89
0.93
0.89
0.91
0.92
0.86
0.88
0.92
0.92
0.93
0.86
0.84
0.86
0.81
0.94
0.87
0.8
0.84
0.88
0.88
0.82
0.86
0.9
0.93
0.92
0.93
0.92
0.89
0.85
0.92
0.87
0.92
0.93
0.92
0.91
0.92
0.91
0.8
0.85
0.89
0.9
0.86
0.88
0.9
0.88
0.91
0.88
0.85
0.87
0.84
0.85
0.9
0.85
0.83
0.84
0.83
0.86
0.93
0.86
0.88
0.86
0.84
0.82
0.94
0.85
0.92
0.88
0.9
0.93
0.87
0.86
0.89
0.89
0.83
0.92
0.91
0.92
0.89
0.89
0.85
0.9
0.88
0.82
0.81
0.88
0.92
0.88
0.91
0.9
0.89
0.92
0.89
0.87
0.89
0.83
0.88
0.92
0.91
0.89
0.9
0.89
0.91
0.91
0.85
0.84
0.94
0.91
0.85
0.85
0.9
0.88
0.9
0.87
0.91
0.94
0.89
0.87
0.87
0.93
0.92
0.88
0.86
0.89
0.91
0.91
0.86
0.89
0.93
0.91
0.78
0.86
0.91
0.87
0.9
0.92
0.86
0.92
0.88
0.89
0.88
0.9
0.83
0.85
0.87
0.9
0.74
0.94
0.85
0.87
0.92
0.9
0.88
0.88
0.85
0.88
0.94
0.93
0.9
0.82
0.88
0.85
0.83
0.91
0.87
0.93
0.86
0.92
0.94
0.94
0.92
0.9
0.84
0.84
0.89
0.86
0.9
0.91
0.78
0.89
0.92
0.79
0.9
0.79
0.76
0.86
0.87
0.87
0.9
0.85
0.83
0.88
0.92
0.9
0.76
0.91
0.93
0.91
0.94
0.88
0.93
0.91
0.92
0.83
0.87
0.9
0.92
0.91
0.89
0.89
0.85
0.79
0.87
0.9
0.86
0.87
0.85
0.85
0.91
0.88
0.87
0.93
0.89
0.85
0.92
0.9
0.9
0.85
0.82
0.84
0.91
0.9
0.8
0.82
0.86
0.91
0.9
0.81
0.82
0.83
0.81
0.89
0.82
0.79
0.85
0.92
0.92
0.86
0.91
0.92
0.9
0.91
0.83
0.86
0.89
0.9
0.93
0.88
0.89
0.85
0.91
0.83
0.94
0.87
0.91
0.94
0.85
0.86
0.9
0.92
0.91
0.89
0.84
0.77
0.72
0.77
0.81
0.77
0.86
0.91
0.81
0.92
0.85
0.85
0.9
0.92
0.93
0.88
0.91
1.0
0.9
0.9
0.82
0.91
0.84
0.88
0.87
0.93
0.92
0.85
0.9
0.92
0.88
0.94
0.91
0.71
0.78
0.81
0.86
0.8
0.79
0.81
0.87
0.84
0.89
0.82
0.79
0.89
0.84
0.91
0.93
0.92
0.83
0.92
0.89
0.84
0.93
0.91
0.93
0.93
0.93
0.91
0.93
0.86
0.9
0.89
0.89
0.76
0.76
0.85
0.93
0.9
0.84
0.87
0.93
0.91
0.92
0.83
0.87
0.84
0.85
0.93
0.93
0.85
0.92
0.94
0.89
0.85
0.83
0.94
0.94
0.94
0.9
0.94
0.9
0.85
0.9
0.88
0.89
0.76
0.81
0.79
0.91
0.82
0.85
0.83
0.91
0.9
0.9
0.88
0.92
0.9
0.88
0.94
0.94
0.91
0.89
0.9
0.93
0.92
0.83
0.86
0.92
0.92
0.94
0.91
0.92
0.82
0.87
0.85
0.85
0.82
0.79
0.82
0.85
0.87
0.79
0.86
0.9
0.86
0.94
0.87
0.88
0.87
0.91
0.87
0.91
0.93
0.87
0.85
0.84
0.89
0.92
0.88
0.89
0.92
0.91
0.94
0.89
0.85
0.9
0.88
0.92
0.79
0.83
0.86
0.85
0.8
0.88
0.91
0.94
0.88
0.85
0.93
0.87
0.85
0.85
0.83
0.91
0.92
0.88
0.92
0.9
0.87
0.84
0.91
0.93
0.83
0.92
0.86
0.86
0.84
0.89
0.84
0.9
0.78
0.9
0.85
0.84
0.79
0.87
0.88
0.84
0.91
0.89
0.89
0.92
0.92
0.92
0.93
0.88
0.87
0.86
0.89
0.88
0.9
0.89
0.87
0.86
0.91
0.9
0.89
0.91
0.93
0.89
0.93
0.94
0.9
0.87
0.92
0.86
0.84
0.9
0.85
0.85
0.86
0.91
0.91
0.93
0.88
0.84
0.9
0.81
0.82
0.91
0.91
0.89
0.81
0.8
0.82
0.92
0.89
0.87
0.89
0.84
0.89
0.85
0.91
0.87
0.91
0.79
0.81
0.91
0.83
0.84
0.85
0.85
0.84
0.89
0.86
0.88
0.85
0.83
0.83
0.91
0.83
0.93
0.9
0.84
0.89
0.84
0.77
0.87
0.91
0.91
0.88
0.82
0.91
0.89
0.9
0.91
0.88
0.88
0.93
0.94
0.92
0.86
0.81
0.82
0.86
0.94
0.89
0.93
0.9
0.81
0.92
0.87
0.89
0.92
0.9
0.84
0.91
0.9
0.88
0.87
0.89
0.88
0.91
0.83
0.84
0.87
0.82
0.85
0.8
0.87
0.94
0.91
0.93
0.86
0.88
0.9
0.94
0.93
0.94
0.84
0.84
0.89
0.92
0.93
0.9
0.93
0.88
0.85
0.87
0.83
0.92
0.87
0.93
0.91
0.93
0.9
0.89
0.91
0.91
0.9
0.9
0.82
0.9
0.91
0.89
0.82
0.91
0.91
0.92
0.85
0.93
0.93
0.93
0.9
0.89
0.91
0.89
0.9
0.86
0.92
0.9
0.91
0.89
0.89
0.9
0.92
0.88
0.88
0.92
0.92
0.92
0.92
0.87
0.77
0.9
0.92
0.91
0.9
0.9
0.92
0.93
0.9
0.84
0.87
0.91
0.9
0.86
0.94
0.88
0.82
0.84
0.91
0.9
0.89
0.86
0.89
0.83
0.81
0.94
0.86
0.91
0.89
0.92
0.9
0.86
0.79
0.89
0.91
0.94
0.87
0.89
0.91
0.86
0.89
0.85
0.86
0.86
0.9
0.87
0.88
0.9
0.88
0.87
0.9
0.86
0.92
0.78
0.91
0.82
0.88
0.93
0.91
0.89
0.88
0.88
0.91
0.91
0.83
0.86
0.92
0.93
0.89
0.93
0.91
0.87
0.87
0.85
0.89
0.92
0.91
0.88
0.93
0.93
0.89
0.92
0.89
0.89
0.85
0.86
0.92
0.74
0.88
0.88
0.89
0.93
0.92
0.9
0.86
0.88
0.81
0.84
0.79
0.87
0.87
0.89
0.87
0.89
0.93
0.89
0.92
0.88
0.84
0.91
0.92
0.9
0.82
0.92
0.81
0.85
0.86
0.81
0.86
0.8
0.81
0.8
0.87
0.89
0.89
0.84
0.77
0.62
0.72
0.9
0.81
0.83
0.88
0.88
0.82
0.82
0.83
0.87
0.85
0.9
0.87
0.86
0.86
0.75
0.66
0.78
0.83
0.77
0.9
0.87
0.88
0.74
0.77
0.82
0.86
0.83
0.87
0.83
0.73
0.58

10.081395348837209
10.63013698630137
10.547945205479452
9.07865168539326
9.524390243902438
8.911111111111111
9.833333333333334
9.880952380952381
9.853333333333333
8.932584269662922
9.130434782608695
9.735632183908047
10.226666666666667
10.890625
11.0
10.10126582278481
11.2375
10.972972972972974
10.632911392405063
11.217391304347826
11.266666666666667
10.365853658536585
10.468354430379748
9.31868131868132
9.627906976744185
11.26923076923077
11.523076923076923
11.164383561643836
10.317073170731707
10.271739130434783
10.527777777777779
10.130434782608695
10.236842105263158
10.37037037037037
10.289156626506024
9.6
9.5
9.701149425287356
10.425
10.13978494623656
10.098901098901099
9.186813186813186
8.98876404494382
9.136363636363637
9.183908045977011
9.902439024390244
10.159090909090908
9.73913043478261
10.545454545454545
10.24705882352941
9.923076923076923
10.7125
10.788235294117648
9.559139784946236
9.433333333333334
10.065934065934066
9.673913043478262
11.023529411764706
10.8625
10.021739130434783
10.505747126436782
10.49438202247191
10.119565217391305
11.126582278481013
9.241758241758241
9.319148936170214
9.182795698924732
9.554347826086957
9.795454545454545
9.555555555555555
10.505882352941176
10.404761904761905
9.538461538461538
9.046511627906977
8.263736263736265
8.088888888888889
8.602150537634408
8.467391304347826
9.307692307692308
10.057471264367816
10.627906976744185
10.686046511627907
9.908045977011493
9.978260869565217
10.561797752808989
10.6
10.077777777777778
10.837209302325581
10.694117647058823
10.975308641975309
10.576086956521738
10.313953488372093
10.566666666666666
10.296703296703297
10.303370786516854
10.738095238095237
10.321428571428571
9.061728395061728
8.164835164835164
9.555555555555555
9.910112359550562
9.784090909090908
10.417582417582418
10.077777777777778
8.731182795698924
8.22340425531915
7.760869565217392
5.908045977011494
7.764044943820225
8.86046511627907
9.188235294117646
9.793103448275861
10.630952380952381
10.453488372093023
9.577777777777778
9.780219780219781
10.423529411764706
10.76923076923077
10.54945054945055
11.068965517241379
11.186046511627907
10.96629213483146
10.918604651162791
11.303370786516854
10.604395604395604
10.065217391304348
9.826086956521738
10.75
10.376623376623376
9.759036144578314
10.03448275862069
10.043956043956044
9.941176470588236
9.630434782608695
10.556818181818182
10.209302325581396
9.522222222222222
8.893617021276595
8.527472527472527
8.3
8.7625
8.32967032967033
8.580645161290322
8.957446808510639
9.795698924731182
10.117647058823529
10.213483146067416
9.585106382978724
10.096774193548388
10.50561797752809
10.301075268817204
10.808510638297872
11.141176470588235
11.534090909090908
11.131868131868131
11.533333333333333
11.231707317073171
10.666666666666666
10.614457831325302
10.155555555555555
9.74712643678161
9.817204301075268
10.6
10.869047619047619
10.364705882352942
10.67816091954023
11.097560975609756
10.541176470588235
10.02247191011236
9.294117647058824
9.0
9.446808510638299
9.24731182795699
9.24731182795699
9.351648351648352
9.301075268817204
9.908045977011493
10.175824175824175
10.595238095238095
10.625
11.123595505617978
10.795454545454545
10.707865168539326
10.866666666666667
10.271739130434783
11.539325842696629
11.53012048192771
11.455696202531646
10.505494505494505
10.692307692307692
11.134146341463415
11.25974025974026
10.179775280898877
10.451219512195122
10.941176470588236
11.552941176470588
11.452380952380953
11.0125
10.75
9.433333333333334
9.152173913043478
9.311111111111112
8.782608695652174
9.387096774193548
9.23404255319149
9.88888888888889
9.897727272727273
9.52808988764045
9.10752688172043
9.842696629213483
9.978021978021978
9.923913043478262
10.837209302325581
11.25
11.032608695652174
10.793478260869565
10.236559139784946
10.953488372093023
11.047619047619047
11.465116279069768
10.777777777777779
9.76595744680851
10.735632183908047
11.0125
10.035714285714286
10.045454545454545
11.159090909090908
11.426829268292684
10.767441860465116
10.622222222222222
10.408602150537634
9.282608695652174
9.010752688172044
9.423913043478262
9.730337078651685
10.058823529411764
10.16304347826087
10.528735632183908
9.73913043478261
9.010752688172044
9.032608695652174
9.43956043956044
10.021739130434783
9.835164835164836
11.1625
11.811764705882354
11.730337078651685
11.0
10.55813953488372
10.363636363636363
9.71111111111111
10.829545454545455
10.703296703296703
10.715909090909092
10.847058823529412
11.114942528735632
10.666666666666666
10.964705882352941
11.077777777777778
11.258823529411766
10.614457831325302
10.607142857142858
10.240963855421686
9.255813953488373
8.096774193548388
9.662790697674419
9.954545454545455
10.279069767441861
10.714285714285714
10.829268292682928
9.72340425531915
9.435294117647059
9.880434782608695
9.954545454545455
9.844444444444445
10.172043010752688
11.183908045977011
11.755813953488373
11.629213483146067
10.898876404494382
10.44578313253012
10.021739130434783
10.087912087912088
10.304347826086957
9.280898876404494
10.404494382022472
10.435294117647059
10.322222222222223
10.443181818181818
10.939024390243903
11.333333333333334
10.829545454545455
10.076086956521738
9.852272727272727
9.637362637362637
9.844444444444445
9.831460674157304
10.271739130434783
10.50561797752809
10.666666666666666
10.662921348314606
10.951807228915662
10.022727272727273
9.98913043478261
10.197802197802197
10.134831460674157
9.877777777777778
10.696629213483146
10.978021978021978
11.296703296703297
11.51764705882353
10.821428571428571
10.404255319148936
10.296703296703297
10.75294117647059
10.552941176470588
9.722222222222221
10.818181818181818
10.8
11.183908045977011
10.802197802197803
9.393617021276595
10.606741573033707
10.517241379310345
10.344827586206897
9.172043010752688
7.956521739130435
9.909090909090908
10.872093023255815
10.797752808988765
10.32967032967033
10.516483516483516
10.86046511627907
10.876404494382022
9.688172043010752
9.626373626373626
10.333333333333334
10.55813953488372
10.43956043956044
11.022988505747126
10.88888888888889
10.76086956521739
10.569767441860465
9.641304347826088
10.454545454545455
10.775280898876405
10.590909090909092
10.688888888888888
10.228915662650602
10.694117647058823
10.74712643678161
10.533333333333333
11.405405405405405
10.329787234042554
10.776470588235295
10.873563218390805
9.91304347826087
10.3
9.875
10.045454545454545
11.152941176470588
11.079545454545455
10.03191489361702
10.494623655913978
10.188888888888888
10.536585365853659
9.590909090909092
9.75294117647059
10.313253012048193
10.142857142857142
10.574712643678161
10.333333333333334
10.267441860465116
10.043478260869565
9.638297872340425
9.138297872340425
10.195652173913043
10.955555555555556
10.845238095238095
9.952380952380953
9.213483146067416
10.05813953488372
9.977777777777778
9.571428571428571
11.897435897435898
10.730337078651685
10.728260869565217
10.873417721518987
10.6
11.265822784810126
10.947368421052632
10.686046511627907
11.03448275862069
11.218390804597702
10.722222222222221
10.458823529411765
10.168674698795181
9.647727272727273
9.119565217391305
9.11111111111111
9.06578947368421
9.252747252747254
9.580645161290322
10.021978021978022
9.159574468085106
9.636363636363637
9.21505376344086
9.516483516483516
10.347826086956522
11.096385542168674
10.425287356321839
9.511111111111111
9.119565217391305
9.835164835164836
10.146067415730338
10.134831460674157
11.447058823529412
11.139240506329115
10.494252873563218
10.133333333333333
10.883720930232558
11.574712643678161
11.4
11.070588235294117
10.637362637362637
10.693181818181818
10.149425287356323
9.709677419354838
9.685393258426966
8.16470588235294
7.217391304347826
7.333333333333333
8.255555555555556
8.729411764705882
9.353658536585366
9.892857142857142
8.68131868131868
8.911111111111111
9.2125
9.78048780487805
10.534883720930232
10.945054945054945
10.811111111111112
10.481481481481481
10.451219512195122
11.168674698795181
11.160493827160494
10.51685393258427
10.231707317073171
11.265822784810126
10.847058823529412
10.043478260869565
10.402173913043478
11.023255813953488
10.956043956043956
10.717391304347826
10.755555555555556
11.263736263736265
11.072289156626505
10.151162790697674
9.224719101123595
7.477777777777778
5.709677419354839
5.056818181818182
6.438202247191011
7.6117647058823525
8.67032967032967
9.674698795180722
8.96808510638298
9.218390804597702
7.978021978021978
8.936170212765957
10.4
10.976744186046512
10.38888888888889
10.369565217391305
10.538461538461538
11.393258426966293
11.55952380952381
11.844155844155845
11.152777777777779
11.12987012987013
11.444444444444445
11.285714285714286
11.13953488372093
10.417582417582418
10.814814814814815
11.25
11.364705882352942
11.388235294117647
10.822222222222223
9.456521739130435
8.709677419354838
7.090909090909091
4.428571428571429
1.0
5.0
6.977777777777778
9.146341463414634
9.68131868131868
9.571428571428571
9.454545454545455
8.505747126436782
9.35483870967742
10.01086956521739
10.929411764705883
10.333333333333334
10.380434782608695
10.954545454545455
10.202127659574469
11.043956043956044
11.915492957746478
10.705128205128204
9.950617283950617
10.674418604651162
11.375
11.658227848101266
10.777777777777779
10.183908045977011
10.964285714285714
10.92134831460674
11.25609756097561
11.037974683544304
10.089887640449438
9.083333333333334
7.824175824175824
6.494623655913978
5.260869565217392
5.903614457831325
7.206521739130435
8.202247191011235
9.595238095238095
9.688172043010752
10.0
9.397849462365592
9.67741935483871
10.182795698924732
10.494505494505495
10.634408602150538
11.395348837209303
11.333333333333334
10.674157303370787
10.910112359550562
11.394736842105264
11.157894736842104
11.129411764705882
10.526881720430108
10.822222222222223
11.261904761904763
10.057471264367816
9.526881720430108
10.703296703296703
10.956521739130435
11.27710843373494
11.229885057471265
10.595238095238095
9.694117647058823
8.53763440860215
7.580645161290323
6.670588235294118
7.576086956521739
7.680851063829787
8.674157303370787
9.811764705882354
10.144578313253012
10.159574468085106
10.27659574468085
9.819148936170214
10.555555555555555
10.361702127659575
10.422222222222222
11.211764705882352
11.266666666666667
11.715909090909092
11.123595505617978
11.486842105263158
11.234567901234568
11.481012658227849
11.175824175824175
11.475609756097562
11.188235294117646
10.602409638554217
10.164835164835164
10.577777777777778
10.144444444444444
10.977272727272727
10.956521739130435
10.577777777777778
9.965909090909092
8.680851063829786
8.840425531914894
9.043956043956044
9.01123595505618
8.777777777777779
8.451612903225806
9.478260869565217
10.63855421686747
10.895348837209303
10.576086956521738
10.51086956521739
10.159574468085106
10.362637362637363
10.782608695652174
11.573170731707316
11.666666666666666
11.8
11.117647058823529
11.317073170731707
11.544303797468354
11.817073170731707
11.75294117647059
11.25287356321839
11.367088607594937
10.534883720930232
10.555555555555555
10.220930232558139
9.702127659574469
10.632183908045977
10.511363636363637
10.689655172413794
9.43956043956044
9.344827586206897
8.813186813186814
9.64516129032258
9.64367816091954
9.188235294117646
9.654761904761905
10.662921348314606
11.043478260869565
10.931818181818182
10.808988764044944
10.26086956521739
10.153846153846153
9.691489361702128
10.52808988764045
11.235294117647058
11.022222222222222
11.181818181818182
11.326086956521738
12.063291139240507
12.156626506024097
11.5
11.470588235294118
11.525
11.0
10.373626373626374
10.446808510638299
10.590909090909092
10.352941176470589
10.204301075268818
10.540229885057471
10.811764705882354
10.117647058823529
10.457831325301205
9.791208791208792
9.91304347826087
9.715909090909092
9.021739130434783
9.977777777777778
10.689655172413794
10.94047619047619
10.296703296703297
9.78494623655914
10.313253012048193
10.097826086956522
10.13953488372093
10.186046511627907
10.821428571428571
10.067415730337078
10.773809523809524
10.566666666666666
10.871794871794872
11.71111111111111
11.529411764705882
10.69047619047619
11.49367088607595
11.114942528735632
11.034090909090908
11.369047619047619
10.67032967032967
10.044943820224718
9.764044943820224
9.445652173913043
10.315217391304348
11.097826086956522
11.064516129032258
11.022727272727273
10.908045977011493
10.023255813953488
9.640449438202246
9.840909090909092
10.522222222222222
10.730337078651685
10.471264367816092
9.872093023255815
9.637362637362637
9.6
10.157303370786517
9.824175824175825
10.483870967741936
10.775280898876405
10.21505376344086
9.702127659574469
9.255555555555556
10.333333333333334
11.173913043478262
10.918604651162791
11.595238095238095
11.38888888888889
11.894117647058824
11.670588235294117
11.151162790697674
9.978021978021978
9.010989010989011
9.741935483870968
11.045454545454545
11.857142857142858
11.9
11.271604938271604
10.890243902439025
10.131868131868131
8.802197802197803
9.808988764044944
10.666666666666666
10.875
10.451219512195122
9.652173913043478
9.561797752808989
9.574712643678161
9.955056179775282
10.142857142857142
10.629213483146067
10.952941176470588
10.593406593406593
10.011494252873563
8.934065934065934
10.253164556962025
10.419753086419753
9.582417582417582
10.939759036144578
11.583333333333334
11.552941176470588
11.223529411764705
10.702380952380953
9.92134831460674
9.895348837209303
10.465909090909092
11.658823529411764
12.204819277108435
11.74698795180723
10.68131868131868
10.024096385542169
8.741935483870968
9.344444444444445
10.25
10.202247191011235
10.726190476190476
10.220779220779221
8.632183908045977
7.483516483516484
7.34065934065934
9.227272727272727
9.768292682926829
10.076923076923077
10.224719101123595
10.433333333333334
10.043956043956044
10.295454545454545
9.022727272727273
9.096774193548388
9.914893617021276
10.423913043478262
11.895348837209303
11.88888888888889
11.109756097560975
10.30232558139535
8.98936170212766
9.247191011235955
9.913978494623656
11.155555555555555
11.592592592592593
11.271739130434783
10.735632183908047
9.786516853932584
9.576086956521738
9.255555555555556
9.94047619047619
9.67032967032967
10.633333333333333
9.568181818181818
8.781609195402298
8.123595505617978
7.988636363636363
8.626373626373626
8.963855421686747
9.238095238095237
9.402298850574713
9.817073170731707
10.08235294117647
10.425
9.298850574712644
9.117021276595745
10.065934065934066
10.161290322580646
11.220930232558139
10.965909090909092
10.366666666666667
9.180851063829786
8.989247311827956
9.095744680851064
10.25
11.0
11.0
11.206521739130435
10.526881720430108
9.922222222222222
10.075268817204302
9.795454545454545
10.023529411764706
10.045977011494253
9.987951807228916
8.902173913043478
8.781609195402298
8.376344086021506
8.164835164835164
8.182795698924732
8.722222222222221
7.640449438202247
8.362637362637363
8.659340659340659
8.944444444444445
10.144444444444444
9.560975609756097
9.633333333333333
9.175824175824175
10.382022471910112
10.878048780487806
10.637362637362637
10.703296703296703
9.83695652173913
9.964705882352941
10.0
10.24731182795699
10.333333333333334
10.777777777777779
11.280898876404494
11.087912087912088
10.696629213483146
10.622222222222222
10.372093023255815
9.652173913043478
9.688888888888888
9.164835164835164
7.719101123595506
8.651685393258427
9.344444444444445
8.782608695652174
9.193181818181818
9.431818181818182
8.5
8.021739130434783
8.304347826086957
8.467391304347826
9.71264367816092
9.909090909090908
9.8
9.880434782608695
9.846153846153847
10.122222222222222
10.6
10.695652173913043
11.086021505376344
10.822222222222223
10.964285714285714
11.045977011494253
10.582417582417582
10.333333333333334
10.779069767441861
10.25531914893617
10.545454545454545
10.841463414634147
11.011904761904763
9.989010989010989
10.044444444444444
9.438202247191011
9.244186046511627
9.179775280898877
10.228915662650602
10.17283950617284
9.595744680851064
10.162790697674419
9.780219780219781
9.393258426966293
9.402173913043478
8.655555555555555
9.290697674418604
9.582278481012658
10.179775280898877
9.648351648351648
9.329787234042554
10.28735632183908
10.52808988764045
10.615384615384615
11.069767441860465
11.359550561797754
11.141176470588235
11.255813953488373
10.872093023255815
10.733333333333333
10.827586206896552
10.306818181818182
10.355555555555556
10.659090909090908
11.28735632183908
10.733333333333333
10.674418604651162
9.391304347826088
9.820512820512821
9.098901098901099
10.71951219512195
11.204545454545455
10.451612903225806
10.219780219780219
9.96629213483146
9.818181818181818
9.534090909090908
9.263736263736265
10.098901098901099
10.46987951807229
10.36046511627907
10.293478260869565
9.806451612903226
10.752808988764045
10.838709677419354
11.208791208791208
11.137931034482758
11.10344827586207
10.658823529411764
11.067415730337078
9.967391304347826
10.32967032967033
10.659090909090908
9.881720430107526
10.182795698924732
10.606741573033707
10.597826086956522
11.0561797752809
10.98876404494382
10.411764705882353
10.348837209302326
9.032608695652174
10.91891891891892
11.420454545454545
10.352272727272727
10.314606741573034
9.838709677419354
9.282608695652174
9.966666666666667
10.418604651162791
10.386363636363637
10.617283950617283
11.047619047619047
11.139240506329115
10.816091954022989
11.298850574712644
10.752808988764045
10.862068965517242
10.808988764044944
10.35483870967742
10.292134831460674
10.576086956521738
10.306818181818182
10.488095238095237
10.0
10.054347826086957
10.677777777777777
11.353658536585366
11.25
11.88888888888889
11.894117647058824
11.127906976744185
10.839506172839506
10.093023255813954
11.2
11.962962962962964
11.4375
11.310344827586206
10.797752808988765
10.03370786516854
10.678571428571429
11.441558441558442
11.580645161290322
11.097222222222221
10.911111111111111
11.950617283950617
11.783132530120483
11.045454545454545
10.943181818181818
10.902439024390244
11.365853658536585
10.867469879518072
11.080459770114942
11.105882352941176
10.977777777777778
10.333333333333334
10.709302325581396
10.988372093023257
11.786666666666667
12.636363636363637
12.576923076923077
12.397590361445783
12.545454545454545
11.077777777777778
10.908045977011493
10.363636363636363
11.513513513513514
11.64935064935065
11.560975609756097
11.465116279069768
11.337349397590362
10.183908045977011
10.734939759036145
11.986301369863014
11.948275862068966
