1000
995, 996, 997, 998
989, 385, 386, 4, 5, 6, 7, 8, 108, 906, 908, 695, 783, 16, 17, 18, 20, 277, 408, 793, 26, 410, 33, 674, 48, 168, 42, 519, 556, 925, 304, 433, 307, 854, 649, 314, 444, 64, 195, 586, 331, 848, 82, 340, 86, 984, 731, 698, 459, 224, 738, 891, 997, 614, 743, 807, 492, 722, 370, 627, 116, 247, 504, 505, 507, 264
129, 131, 4, 5, 6, 263, 265, 11, 269, 270, 15, 144, 657, 19, 20, 716, 153, 537, 26, 283, 30, 389, 801, 546, 35, 164, 134, 817, 660, 298, 798, 173, 686, 689, 692, 309, 56, 697, 59, 60, 63, 67, 585, 843, 204, 207, 872, 850, 723, 215, 348, 933, 355, 231, 104, 491, 948, 624, 625, 370, 643, 626, 247, 276, 635, 124
640, 258, 4, 5, 6, 8, 10, 343, 12, 785, 18, 20, 282, 27, 542, 34, 547, 37, 39, 554, 301, 558, 49, 51, 820, 735, 830, 70, 327, 330, 587, 589, 335, 849, 597, 86, 87, 603, 604, 94, 229, 864, 827, 106, 112, 371, 631, 737, 234, 128, 129, 643, 389, 908, 397, 661, 413, 158, 416, 165, 71, 429, 180, 437, 381, 443, 189, 709, 199, 207, 978, 724, 561, 991, 223, 480, 481, 226, 483, 741, 230, 746, 748, 493, 751, 505, 980
128, 65, 834, 4, 7, 136, 9, 759, 13, 77, 384, 595, 804, 25, 667, 97, 100, 422, 492, 876, 305, 114, 117, 631
0, 1, 2, 3, 132, 5, 6, 7, 8, 9, 10, 11, 12, 653, 14, 15, 16, 17, 404, 21, 22, 24, 25, 284, 285, 30, 763, 34, 163, 292, 518, 550, 295, 424, 41, 647, 45, 46, 388, 52, 53, 54, 825, 58, 948, 448, 193, 960, 963, 68, 581, 396, 78, 591, 211, 869, 334, 344, 602, 314, 350, 735, 864, 272, 98, 749, 613, 108, 109, 496, 113, 116, 425, 708, 251, 124, 894
0, 1, 2, 883, 4, 24, 585, 139, 28, 738
0, 1, 2, 387, 4, 630, 519, 8, 10, 11, 460, 205, 400, 17, 210, 19, 405, 36, 26, 802, 930, 157, 862, 863, 481, 34, 100, 933, 977, 617, 42, 733, 602, 54, 696
0, 18, 3, 4, 659, 102, 793, 88, 148, 733
0, 257, 2, 4, 6, 641, 264, 9, 10, 11, 12, 13, 14, 658, 16, 786, 21, 278, 674, 47, 540, 287, 288, 432, 291, 37, 39, 775, 300, 45, 302, 44, 304, 561, 931, 51, 52, 54, 265, 621, 308, 61, 62, 831, 320, 65, 323, 73, 74, 844, 79, 81, 850, 340, 85, 87, 345, 347, 92, 93, 94, 863, 528, 354, 293, 360, 105, 107, 402, 645, 114, 115, 884, 958, 375, 377, 123, 125, 128, 385, 642, 132, 22, 646, 393, 395, 653, 398, 109, 146, 431, 406, 847, 921, 525, 157, 927, 162, 795, 924, 938, 172, 413, 176, 443, 654, 194, 569, 457, 119, 204, 418, 209, 210, 803, 468, 213, 121, 729, 475, 990, 223, 995, 231, 232, 746, 551, 237, 893, 500, 501, 503, 507, 253, 853
576, 3, 4, 662, 8, 137, 140, 14, 17, 18, 147, 593, 919, 408, 25, 154, 539, 156, 29, 799, 674, 933, 806, 428, 50, 46, 48, 108, 178, 51, 180, 950, 439, 364, 828, 492, 190, 64, 65, 579, 275, 524, 586, 62, 994, 462, 208, 337, 82, 723, 212, 846, 856, 989, 863, 353, 760, 740, 209, 956, 107, 236, 786, 971, 701, 115, 117, 72, 764
2, 131, 4, 662, 6, 391, 8, 650, 535, 12, 13, 15, 141, 152, 146, 19, 21, 593, 151, 24, 516, 282, 28, 418, 35, 37, 38, 552, 604, 42, 171, 812, 301, 308, 756, 219, 329, 697, 443, 60, 189, 373, 322, 195, 68, 709, 454, 865, 456, 73, 403, 79, 208, 81, 595, 211, 399, 726, 898, 527, 89, 143, 92, 93, 734, 621, 225, 995, 894, 166, 230, 209, 872, 274, 339, 116, 117, 889, 217, 125, 524, 639
1, 259, 4, 69, 6, 769, 8, 919, 533, 845, 14, 15, 440, 971, 149, 150, 23, 36, 27, 988, 669, 158, 133, 33, 507, 164, 497, 811, 426, 566, 428, 281, 110, 368, 238, 179, 118, 183, 56, 447, 252, 190, 319
2, 259, 4, 518, 903, 8, 10, 23, 268, 13, 16, 238, 279, 24, 281, 922, 155, 28, 798, 32, 162, 35, 919, 296, 41, 44, 557, 558, 432, 178, 435, 693, 184, 185, 59, 188, 533, 704, 833, 523, 68, 199, 200, 847, 723, 468, 982, 471, 856, 474, 220, 608, 866, 740, 101, 743, 360, 60, 366, 829, 27, 754, 819, 761, 122, 126, 511
736, 3, 646, 519, 8, 10, 139, 12, 162, 888, 465, 210, 67, 982, 23, 475, 687, 414, 671, 32, 98, 99, 167, 40, 977, 954, 45, 637, 241, 50, 926, 246, 120, 786, 818, 266, 394, 127
32, 11, 4, 958, 8, 9, 330, 75, 653, 49, 562, 115, 149, 22, 23, 169, 799, 30, 469
1, 4, 21, 38, 135, 20, 10, 11, 289, 295
0, 257, 4, 263, 8, 12, 273, 19, 277, 22, 279, 25, 26, 284, 29, 30, 31, 35, 36, 40, 732, 43, 303, 311, 59, 64, 577, 837, 327, 331, 80, 81, 227, 85, 600, 349, 352, 609, 101, 872, 620, 112, 121, 383, 896, 391, 649, 729, 399, 914, 238, 153, 921, 670, 672, 161, 166, 423, 941, 285, 177, 178, 180, 286, 197, 710, 200, 203, 973, 206, 976, 212, 804, 988, 990, 739, 228, 231, 490, 935, 493, 494, 244, 247, 127, 508
0, 257, 43, 4, 134, 9, 267, 273, 274, 403, 878, 279, 283, 32, 33, 34, 677, 41, 171, 50, 815, 48, 177, 690, 182, 57, 6, 688, 959, 192, 66, 907, 984, 333, 718, 722, 83, 344, 601, 858, 478, 95, 955, 740, 229, 361, 107, 365, 750, 752, 881, 147, 372, 890, 763, 126
0, 512, 2, 196, 520, 7, 72, 9, 140, 397, 857, 525, 276, 151, 260, 154, 155, 860, 29, 589, 672, 97, 27, 487, 988, 362, 225, 237, 353, 113, 54, 788, 58, 956
1, 899, 822, 6, 449, 840, 73, 10, 203, 78, 79, 16, 301, 206, 185, 280, 281, 538, 411, 92, 93, 222, 601, 416, 821, 291, 165, 666, 167, 883, 170, 173, 313, 531, 53, 118, 375, 202, 57, 926, 138, 191
0, 1, 2, 899, 454, 129, 458, 175, 15, 384, 216, 91, 989, 898, 978, 545, 155, 678, 102, 135, 172, 338, 687, 765, 255
960, 643, 4, 8, 73, 10, 780, 15, 912, 200, 859, 120, 708, 59, 394
80, 323, 4, 199, 8, 937, 43, 14, 16, 213, 374, 601, 218, 508, 61, 286, 351
133, 70, 11, 12, 13, 14, 656, 31, 101, 103, 40, 554, 172, 45, 495, 562, 53, 566, 183, 952, 95, 831
192, 193, 578, 4, 5, 390, 10, 779, 12, 211, 852, 661, 932, 28, 901, 356, 38, 423, 297, 106, 555, 46, 756, 373, 55, 378, 191, 686, 53
3, 4, 9, 650, 16, 212, 260, 861, 478, 479, 97, 226, 611, 31, 172, 365, 876, 49, 691, 436, 375, 251
0, 1, 258, 324, 6, 839, 264, 74, 855, 76, 16, 273, 466, 660, 470, 151, 89, 90, 904, 410, 228, 102, 235, 44, 689, 437, 504, 63
2, 69, 455, 11, 12, 130, 397, 529, 18, 596, 29, 453, 354, 867, 484, 38, 700, 682, 824, 564, 382, 55, 56, 58, 380, 510
51, 5, 486, 873, 10, 12, 143, 677, 83, 805, 215, 24, 572, 766, 127
97, 71, 648, 9, 267, 78, 685, 80, 81, 18, 275, 532, 917, 534, 346, 27, 730, 416, 16, 36, 359, 875, 237, 177, 52, 502, 508, 61, 254
16, 1, 946, 4, 649, 458, 941, 14, 31
112, 37, 72, 649, 713, 727, 876, 622, 16, 116, 23, 25, 251, 30, 383
692, 513, 131, 260, 262, 925, 138, 395, 12, 13, 14, 499, 528, 17, 451, 148, 473, 623, 427, 158, 159, 33, 902, 39, 40, 299, 44, 815, 176, 628, 50, 371, 52, 181, 439, 313, 570, 168, 701, 62, 96, 66, 67, 48, 829, 535, 841, 778, 75, 332, 791, 468, 981, 563, 983, 217, 730, 655, 349, 94, 224, 226, 867, 529, 679, 749, 110, 111, 369, 115, 244, 118, 248, 123, 126
0, 321, 66, 714, 11, 972, 450, 256, 463, 17, 338, 84, 590, 782, 666, 32, 611, 164, 102, 42, 363, 108, 47, 440, 819, 504
257, 2, 424, 4, 6, 49, 275, 41, 43, 130, 17, 306, 83, 803, 459, 722, 249, 122, 987, 381, 94
352, 1, 706, 291, 710, 999, 60, 10, 12, 460, 16, 915, 151, 185, 699, 380, 383
128, 203, 6, 904, 841, 11, 695, 526, 16, 791, 84, 663, 89, 91, 29, 288, 290, 99, 966, 230, 177, 170, 365, 637, 305, 820, 55, 56, 276, 189, 318
136, 2, 420, 165, 8, 57, 10, 476, 802, 31
39, 15, 10, 430, 239, 24, 119, 88, 58, 27, 350, 639
32, 498, 2, 38, 8, 413, 623
32, 528, 834, 67, 388, 294, 942, 729, 235, 13, 462, 717, 16, 323, 718, 23, 576, 153, 316, 62, 63
384, 65, 4, 197, 263, 12, 652, 77, 17, 345, 344, 68, 201, 90, 325, 161, 34, 292, 103, 967, 690, 457, 379, 700, 830
0, 33, 582, 6, 408, 10, 683, 622, 47
272, 34, 259, 22, 807, 331, 613, 130, 495, 16, 17, 483, 773, 310, 920, 57, 557, 479
512, 96, 322, 747, 644, 69, 8, 75, 12, 403, 342, 87, 26, 540, 410, 32, 214, 676, 229, 698, 779, 617, 107, 46, 47, 584, 885, 937, 761, 122, 712
99, 4, 8, 13, 141, 270, 207, 708, 23, 537, 315, 109
578, 4, 374, 342, 364, 24, 9, 779, 44, 110
33, 214, 71, 8, 42, 44, 417, 207
0, 832, 66, 902, 9, 76, 205, 526, 400, 17, 146, 789, 217, 858, 219, 670, 32, 80, 722, 372, 310, 784, 376, 635, 764, 573, 638, 383
448, 449, 2, 773, 710, 266, 75, 14, 464, 83, 110, 25, 220, 158, 96, 34, 933, 680, 302, 816, 369, 947, 436, 757, 694, 120, 251, 650, 190, 85
64, 17, 901, 198, 137, 522, 13, 145, 530, 787, 341, 343, 475, 671, 32, 987, 359, 553, 426, 304, 9, 186
2, 451, 326, 8, 9, 587, 642, 142, 271, 145, 150, 137, 283, 28, 605, 160, 112, 294, 298, 239, 240, 689, 886, 265, 184, 121, 828, 381
32, 912, 4, 8, 970, 727, 332, 78, 111, 336, 441, 121, 143, 956, 29, 95
833, 578, 555, 4, 70, 63, 23, 300, 111, 19, 84, 55, 24, 191, 95
129, 194, 387, 4, 70, 6, 8, 105, 106, 485, 272, 232, 18, 976, 500, 85, 293
192, 193, 27, 36, 581, 521, 675, 660, 53, 24, 932, 411, 607
1, 379, 36, 134, 455, 104, 11, 498, 157, 434, 179, 84, 791, 27, 61
416, 896, 310, 37, 582, 104, 233, 810, 43, 750, 17, 19, 342, 355, 858, 92, 541, 926, 296
320, 360, 4, 69, 775, 840, 201, 567, 588, 964, 18, 467, 214, 196, 794, 27, 156, 224, 98, 38, 487, 104, 713, 433, 501, 438, 183, 952, 123, 575
1, 100, 261, 422, 200, 201, 523, 12, 431, 16, 625, 21, 823
1, 961, 275, 35, 279, 10, 12
472, 22, 8, 471, 109, 29, 560, 360, 278, 119, 56, 538, 91, 221
32, 354, 132, 8, 233, 141, 623, 336, 40, 628, 9, 706, 730, 797
805, 1, 504, 53, 374, 801, 40, 26, 74, 606, 463
0, 464, 610, 483, 854, 880, 999, 990, 9, 426, 877, 174, 304, 16, 50, 974, 86, 271, 254
652, 3, 324, 325, 609, 72, 9, 74, 651, 140, 77, 206, 589, 580, 337, 195, 150, 216, 89, 346, 731, 907, 862, 159, 161, 162, 227, 100, 488, 41, 453, 875, 300, 509, 76, 8, 787, 632, 809, 312, 889, 955, 202
48, 33, 17, 310, 32, 188, 832
1, 131, 388, 71, 139, 13, 335, 352, 402, 790, 794, 797, 32, 422, 40, 618, 135, 210, 434, 967, 248, 762, 510
523, 688, 227, 4, 328, 41, 10, 171, 236, 12, 528, 690, 819, 245, 120, 284, 926
27, 805, 566, 647, 58, 11, 44, 589, 750
2, 133, 54, 23, 632, 255, 341, 53
728, 2, 67, 132, 526, 88, 820, 47, 82, 430, 29
160, 65, 18, 407, 956, 9, 603, 140, 31
518, 327, 8, 307, 10, 823, 844, 79, 82, 19, 149, 86, 280, 795, 477, 736, 243, 293, 166, 295, 232, 491, 179, 117, 119, 825, 444, 21
65, 324, 262, 961, 8, 330, 76, 142, 466, 821, 26, 91, 348, 90, 542, 479, 485, 742, 103, 175, 629, 252, 63
32, 49, 694, 182, 168, 924, 747, 44, 413, 14, 520
65, 770, 423, 74, 269, 77, 655, 48, 243, 26, 303, 380
65, 3, 197, 705, 312, 41, 731, 76
19, 4, 425, 203, 366, 911, 659, 52, 917, 250, 29, 318
208, 19, 87, 8, 73, 10, 539, 540, 169
16, 22, 839, 682, 48, 945, 883, 630, 152, 218, 571, 29, 222, 351
451, 836, 710, 8, 137, 10, 142, 16, 840, 534, 633, 536, 538, 90, 286, 608, 610, 803, 357, 489, 777, 174, 29, 497, 306, 692, 244, 681, 441, 442, 188, 895
0, 419, 307, 73, 71, 969, 9, 186, 599, 332, 333
17, 34, 171, 28, 49
299, 927, 246, 780, 465, 979, 792, 285, 351, 33, 187, 36, 106, 363, 237, 303, 242, 179, 53, 438, 56, 250, 379
96, 517, 8, 556, 16, 49, 181, 54, 824, 153, 668, 478, 757
64, 0, 2, 147, 181, 854, 73, 450, 254, 783
2, 740, 753, 8, 44, 749, 431, 712, 88, 900, 79, 418, 670
512, 98, 599, 38, 71, 7, 233, 154, 87, 430
65, 651, 262, 961, 904, 10, 139, 271, 339, 150, 26, 975, 290, 163, 36, 198, 230, 167, 361, 170, 493, 138, 809, 632, 633, 380, 125
81, 289, 355, 739, 183, 296, 41, 74, 263, 26, 142
36, 74, 458, 61, 974, 573, 626, 20, 804, 175, 252, 221
897, 452, 645, 8, 105, 10, 267, 307, 560, 19, 916, 57, 900, 93, 703
8, 737, 10, 19, 92
32, 34, 563, 806, 502, 313, 8, 297, 2, 126, 223
17, 194, 52, 53, 23, 185, 125, 111
322, 136, 204, 527, 144, 824, 403, 916, 85, 668, 861, 32, 545, 677, 617, 938, 44, 560, 49, 105, 248, 763
3, 196, 390, 135, 138, 459, 592, 145, 18, 981, 152, 25, 347, 29, 875, 913, 549, 103, 552, 235, 940, 877, 872, 114, 627, 568, 377
99, 4, 433, 392, 584, 13, 430, 269, 241, 114, 372, 534, 88, 436, 58, 830
98, 36, 517, 328, 170, 501, 13, 141, 45, 720, 241, 277, 853, 184, 461, 415, 636, 127
65, 358, 3, 6, 59
16, 577, 405, 214, 23, 184, 396, 730, 997, 12, 511
33, 548, 133, 7, 202, 944, 594, 20, 309, 665, 26, 123, 156, 382, 165
913, 97, 821, 23, 41, 74
1, 258, 537, 134, 455, 362, 810, 204, 498, 669, 465, 242, 610, 630, 311, 56, 57, 58, 541, 702, 701
96, 144, 54, 560, 8, 92, 703
385, 2, 193, 136, 617, 130, 877, 792, 84, 213, 54, 24, 604, 253, 190
679, 8, 9, 236, 44, 752, 17, 500, 918, 568, 249, 122, 156
0, 513, 195, 4, 278, 993, 456, 9, 337, 598, 505, 408, 736, 33, 252, 113, 371, 308, 373, 118, 569, 124
8, 531, 4, 61, 45
32, 49, 467, 11, 46, 319
32, 241, 611, 52, 53, 95
240, 2, 327, 392, 427, 418, 16, 113, 306, 51, 180, 604, 914, 31
112, 513, 18, 4, 568, 536, 388, 335, 108, 143
97, 98, 3, 437, 8, 392, 235, 269
32, 401, 846, 409, 8, 9, 154, 503, 14
0, 288, 4, 838, 796, 31, 169, 10, 557, 818, 243, 886, 440, 314, 187, 572, 702, 447
384, 576, 642, 3, 197, 552, 9, 10, 439, 178, 949, 982, 73, 745, 541
256, 160, 683, 583, 492, 11, 716, 845, 320, 19, 532, 789, 538, 32, 675, 873, 427, 108, 882, 438, 852, 569, 124, 767
952, 758, 243, 166, 38, 8, 73, 61, 830, 255
245, 49, 147, 68, 21, 694, 415, 13, 494, 213
928, 240, 965, 8, 681, 759, 302, 16, 336, 51, 52, 406, 407, 539
752, 34, 164, 229, 680, 12, 107, 44, 356, 272, 249, 287
32, 264, 514, 102, 182, 8, 592, 58, 202, 206
160, 1, 4, 758, 871, 201, 299, 108, 333, 783, 624, 850, 148, 118, 857, 698, 891
231, 8, 10, 331, 622, 719, 247, 152, 89, 315, 682, 95
32, 17, 530, 297, 635, 12, 94
16, 400, 898, 99, 365, 215, 888, 187, 28, 13, 157
2, 3, 36, 597, 631, 8, 905, 386
1, 2, 387, 228, 485, 545, 648, 777, 765, 144, 947, 835, 20, 976, 54, 769, 349
34, 427, 529, 106, 43, 334, 175, 27, 465, 242, 532, 664, 379, 350
32, 1, 10, 67, 363
432, 354, 419, 4, 398, 71, 8, 233, 831, 62, 543
704, 386, 163, 70, 102, 23, 648, 11, 594, 382, 813
104, 56, 17, 1
97, 67, 20, 503, 459, 15
96, 482, 3, 37, 329, 106, 834, 527, 148, 726, 217, 537, 570, 476
899, 964, 389, 326, 609, 9, 526, 591, 81, 531, 785, 225, 869, 145, 168, 745, 619, 173, 174, 239, 561, 50, 51, 756, 249, 317, 296
32, 97, 19, 340, 670, 913, 89, 699, 176, 588, 174
565, 67, 836, 261, 167, 712, 169, 930, 268, 13, 366, 176, 323, 149, 755, 89, 315, 188, 317, 222, 5
65, 996, 161, 72, 489, 466, 18, 9, 441, 857, 510, 799
99, 644, 199, 808, 10, 45, 285, 189, 835, 343, 765, 62
512, 417, 707, 552, 298, 776, 81, 51, 822, 90, 283, 828, 74, 442
496, 113, 146, 52, 10, 219, 28, 173, 335
96, 1, 322, 585, 129, 105, 396, 398, 817, 498, 782, 268, 503, 376, 218, 668, 159
97, 50, 51, 198, 520, 137, 239, 348, 463, 223
449, 549, 454, 8, 10, 143, 559, 48, 464, 186, 347, 645
17, 990, 494, 86, 593, 120, 9, 318
32, 611, 678, 7, 136, 124, 775, 684, 559, 308, 155, 476, 733, 159
736, 946, 139, 772, 232, 73, 11, 428, 14
368, 65, 587, 51, 715, 89, 11, 924
506, 18, 35, 487, 737, 817, 10, 26, 250
97, 579, 945, 295, 682, 208, 125, 80, 881, 851, 535, 10
1, 912, 891, 228, 357, 294, 40, 939, 527, 16, 499, 404, 85, 452, 879
88, 9, 18, 115, 846
800, 226, 163, 196, 613, 364, 234, 12, 978, 687, 612, 18, 20, 470, 471, 280, 148, 474, 255, 382, 351
224, 194, 102, 9, 107, 368, 914, 598, 631, 953, 58, 639
8, 772, 894, 6, 56, 909, 302, 127
32, 2, 11, 550, 651, 654, 49, 692, 436, 468, 572, 863
32, 65, 787, 148, 862, 305, 281, 144, 782
320, 51, 996, 486, 118, 755, 72, 410, 124
16, 65, 438, 344, 489, 312, 41, 648, 140
65, 725, 519, 8, 12, 714, 839, 216, 13
513, 514, 4, 133, 89, 155, 717, 661
1, 484, 33, 11, 558, 431, 238, 644, 590, 377, 122, 602
2, 19, 37, 102, 250, 667, 301
16, 464, 274, 181, 758, 119, 672, 73, 10, 663, 754
19, 89, 139, 13, 957, 191
0, 32, 326, 225, 137, 75, 205, 624, 244, 182, 656, 381
139, 116, 253, 14, 79
19, 99, 36, 390, 840, 89, 219
240, 17, 466, 83, 68, 227, 996, 10, 671, 655
768, 20, 569, 23, 8, 25, 187
19, 1, 259, 137, 843, 635, 143
64, 81, 138, 756, 137
130, 20, 518, 216, 826, 74, 91, 221, 462, 607
32, 456, 451, 886, 8, 138, 139, 268, 800
16, 17, 212, 245, 774, 855, 36, 935, 220, 29
16, 336, 117, 409, 576, 9, 378, 12, 949
56, 73, 11, 84, 780
112, 16, 2, 278, 265, 9, 192, 258, 337
32, 85, 86, 186, 478, 166
17, 123, 815, 168, 75, 588, 367
546, 667, 534, 23, 58, 11, 90
608, 675, 99, 292, 101, 294, 490, 12, 435, 271, 720, 51, 276, 469, 951, 404, 838, 559
352, 35, 421, 903, 393, 12, 995, 291, 399, 784, 19, 532, 565, 969, 985, 892, 861, 95
146, 82, 181, 198, 599, 50
400, 84, 361, 116, 172, 127
81, 66, 523, 582, 929, 460, 139, 12, 222, 415
282, 10, 2, 36, 141
49, 260, 950, 246, 215, 488, 9, 106, 11, 220, 634
19, 53, 167, 24, 957, 348, 899, 373
17, 497, 180, 55, 24, 282, 267, 760
482, 4, 581, 998, 106, 211, 246, 55, 24, 612, 378, 411, 986
448, 577, 387, 54, 8, 922, 395, 156, 95
0, 65, 977, 456, 10, 108, 205, 369, 598, 544, 312, 507, 700
870, 97, 18, 155, 613, 470, 58, 347, 908, 733, 782
16, 962, 642, 117, 967, 41, 859, 796, 77, 885
145, 50, 89, 218, 314, 186
209, 2, 12, 141, 22
16, 305, 747, 548, 21, 425, 59, 12, 221, 333
588, 289, 900, 261, 391, 444, 874, 887, 236, 124, 41, 58, 59, 316, 762, 286, 543
592, 65, 19, 691, 102, 311, 600, 234, 123, 321, 959
16, 19, 531, 36, 875, 988, 78
96, 1, 242, 660, 309, 994, 825, 8, 104, 450, 446
48, 563, 195, 454, 6, 887, 168, 313, 638
16, 65, 19, 916, 515, 123
1, 2, 813, 289, 553, 618, 748, 45, 366, 47, 270, 597, 341
851, 321, 579, 817, 152, 9, 10, 860, 79
650, 199, 8, 9, 10, 445, 958
579, 67, 6, 8, 746, 266, 479, 13, 253
193, 4, 998, 24, 10, 986
16, 177, 245, 9, 25, 729, 793
8, 931, 22, 551, 120, 106
713, 58, 44, 101, 47
1, 28, 190, 127
65, 162, 20, 725, 300, 989, 462, 175
32, 48, 274, 419, 724, 966, 136, 10, 802, 570, 781
80, 144, 198, 22, 376, 234, 542, 575
48, 839, 170, 683, 10, 143
432, 177, 292, 950, 49, 460, 12, 190
573, 825, 200, 425, 91, 61, 175
80, 188, 19, 139, 495
145, 2, 647, 8, 940, 658, 94
32, 0, 674, 640, 645, 983, 58, 156, 778, 925
960, 753, 18, 777, 168, 137, 10, 653
32, 849, 2, 536, 25, 746, 155, 542
16, 65, 944, 68, 596, 171
16, 368, 129, 153, 26, 702
864, 17, 2, 484, 647, 328, 676, 122, 44, 394, 461
2, 339, 36, 262, 89, 10, 429
8, 16, 125, 1
149, 54, 8, 73, 293, 491, 853, 287
339, 132, 88, 57, 810, 62
800, 2, 358, 329, 202, 401, 342, 887, 376, 218, 155, 378, 280
992, 97, 114, 718, 473, 40, 297, 26, 727, 616, 943
480, 771, 68, 261, 422, 201, 107, 524, 564, 9, 836, 356, 325
385, 18, 707, 84, 446, 8, 754, 362, 29, 318
16, 620, 164, 837, 484, 11, 12, 894
256, 145, 51, 38, 353, 137, 490, 417
112, 306, 51, 996, 796, 407, 121, 171, 556, 605, 974
367, 515, 98, 99, 445, 394, 111, 704, 13, 414, 319
104, 84, 130, 204
770, 116, 521, 73, 119, 76
32, 288, 514, 804, 359, 168, 620, 16, 81, 442, 475, 958, 639
177, 68, 433, 120, 212, 284, 452, 367
256, 193, 772, 581, 13, 303, 84, 598, 768, 888, 441, 640, 411, 190
0, 1, 659, 277, 16, 471, 125, 495
32, 96, 402, 67, 641, 345, 727
791, 290, 871, 745, 423, 424, 137, 122, 107, 34, 695
84, 165, 414, 151, 633, 724, 895, 78, 972, 254, 341
49, 386, 4, 25, 412, 372, 31
497, 11, 516, 485, 74, 91, 108
8, 169, 210, 266, 106
64, 250, 29, 86
546, 20, 70, 119, 474, 155
33, 530, 467, 118, 246, 440, 597, 239
928, 34, 806, 17, 8, 999, 332, 706, 814, 16, 273, 629, 398
2, 180, 567, 104, 724, 26, 980, 362
482, 43, 329, 11, 12, 173
32, 369, 18, 950, 496, 662, 711, 25, 721, 190, 885
480, 596, 139, 356, 325, 391, 201, 59, 236, 315, 399
32, 897, 324, 629, 230, 89, 74, 646
16, 1, 590, 457, 41, 90, 270, 869
0, 955, 357, 390, 551, 8, 393, 717, 816, 806, 500, 309, 809, 472, 26, 123, 405
1, 51, 180, 689, 8, 708
49, 210, 773, 449, 514, 253, 13
192, 17, 92, 29, 897
176, 144, 566, 876, 139, 12
1, 98, 516, 744, 76, 114, 911
1, 207, 45, 334, 263
64, 358, 616, 714, 943, 51, 628, 374, 184, 89, 975, 829
835, 4, 549, 742, 392, 43, 54, 644, 122, 412, 509, 287
16, 257, 947, 406, 17, 920, 26, 779
17, 10, 860, 166, 217
961, 34, 453, 837, 9, 767, 60, 338, 29
184, 1, 18, 36, 728
16, 0, 99, 505, 247
402, 546, 180, 8, 921, 108, 61
16, 17, 896, 12, 795, 60
929, 19, 73, 234, 155, 364, 862
19, 421, 11, 12, 533, 159
192, 290, 10, 493, 2, 622, 189
17, 298, 51, 142, 1
16, 68, 245, 452, 890, 796, 4, 591
16, 353, 84, 4, 299, 141
16, 81, 444, 22, 201
8, 232, 122, 272, 719
776, 36, 244, 841, 8, 116, 954, 923, 447
832, 201, 90, 15, 618, 207
36, 585, 89, 424, 249, 282, 695, 948
19, 35, 969, 8, 185, 655
657, 652, 827, 4, 311, 184, 41, 404, 699, 220, 445
580, 232, 571, 340, 54, 343, 8, 73, 395, 477
40, 51, 951, 535, 184, 153, 567, 316
152, 73, 753, 4, 15
355, 582, 137, 842, 683, 12, 445, 570, 401, 563, 533, 547, 57, 90, 317
94, 24, 235, 126, 350, 541
1, 587, 51, 833, 455, 283, 684, 142, 491
32, 754, 84, 623, 124, 285, 463
65, 53, 326, 8, 216, 917
2, 19, 852, 165, 10, 636
8, 121, 583, 157, 49
16, 84, 914, 76, 246
64, 0, 50, 483, 580, 854, 625, 8, 556, 882, 319
866, 3, 420, 934, 953, 200, 36, 159
112, 240, 34, 755, 357, 81, 920, 605, 574, 637
0, 481, 82, 359, 73, 92
8, 108, 10, 148, 993
1, 370, 788, 734, 102, 793, 264, 697, 204, 446
48, 57, 66, 43, 832
16, 321, 610, 292, 978, 417, 104, 202, 685
544, 65, 195, 161, 488, 731, 77
32, 673, 962, 19, 734, 664, 883, 205, 94
0, 867, 4, 198, 520, 923, 461, 328, 467, 116, 600, 443, 316, 509, 671
45, 562, 261, 434, 565, 330, 139, 338, 317, 938, 125
979, 709, 294, 40, 201, 314, 412, 540
401, 139, 887, 296, 137, 315
147, 36, 237, 78
304, 241, 880, 11, 704, 110
160, 664, 118, 486, 673, 8, 58, 879, 799
208, 33, 202, 860, 311
96, 144, 790, 630, 10, 44, 574
40, 363, 726, 22, 375, 8, 139
897, 65, 929, 868, 742, 262, 743, 618, 525, 349, 74, 565, 788, 26, 346, 701, 506
65, 932, 261, 41, 236, 716, 719
51, 168, 137, 619, 300, 511
112, 16, 2, 371, 420, 405, 833, 73
99, 68, 229, 314, 719, 652, 461, 415
632, 482, 259, 693, 658, 136, 10, 476, 234, 494, 621
2, 547, 868, 389, 583, 74, 315, 14
16, 0, 345, 43, 572, 125, 334, 781
32, 257, 82, 619, 52, 480, 627, 407, 688, 599, 878
17, 82, 548, 200, 953, 490, 124
130, 4, 615, 331, 397, 270
113, 2, 67, 561, 412, 785, 143
178, 52, 470, 516, 121, 62
65, 993, 180, 108, 9
944, 33, 275, 20, 837, 694, 868, 426, 315, 767
699, 230, 361, 89, 10, 233, 715
0, 768, 580, 293, 865, 8, 522, 907, 684, 477, 753, 571, 138
506, 50, 70, 553, 346, 735, 250, 638, 207
57, 234, 44, 46
50, 661, 679, 2, 141, 293
992, 17, 4, 41, 409, 161
496, 488, 979, 8, 41, 331, 844, 248
65, 324, 341, 506, 29, 525
97, 146, 196, 855, 8, 602, 396, 543
843, 1, 74, 191, 145
32, 129, 324, 358, 732, 16
297, 130, 4, 574, 38
80, 795, 155, 84, 22
16, 185, 67, 35
18, 781, 9, 764, 285, 239
984, 963, 132, 8, 27, 62, 543
296, 57, 90, 1
24, 122, 236, 261
81, 306, 472, 264, 153, 370
530, 100, 615, 616, 234, 349, 271
377, 50, 307, 244, 29
904, 931, 8, 473, 58, 12, 61, 798
640, 17, 339, 187, 89
258, 237, 104, 429, 18, 367
33, 323, 84, 131
280, 9, 155, 760, 46
17, 770, 127, 36, 25
930, 139, 12, 78, 207
241, 362, 245, 182
228, 11, 156, 861, 150
32, 49, 195, 260, 711, 712, 458, 603, 447
0, 1, 357, 657, 827, 446, 309
32, 2, 108, 327
48, 17, 98, 251
678, 24, 10, 555, 108, 686, 191
63, 46, 22, 271
19, 323, 726, 8, 25, 574
48, 144, 515, 218, 234, 784, 575
592, 97, 658, 164, 359, 8, 634, 807
992, 193, 178, 24, 409, 234, 845
56, 41, 130, 84, 434
848, 35, 453, 89, 27, 76, 957, 757
2, 51, 406, 168, 987, 34
27, 155, 133, 102
16, 48, 818, 35, 567, 31
3, 20, 117, 41, 778, 867, 741
0, 738, 975, 8, 457, 106, 715, 237, 621
0, 128, 251, 984, 133
129, 194, 6, 54
40, 113, 67, 4, 790
137, 2, 330, 1
97, 818, 809, 24, 393, 170, 717, 264
16, 201, 10, 261
112, 272, 114, 437, 98, 469
8, 995, 741, 390, 264, 185, 970, 606
241, 676, 229, 13, 414, 21
8, 32, 194, 293
144, 772, 347, 4, 101
2, 27, 18, 334, 909
144, 257, 419, 132, 8, 586
16, 185, 10, 261
48, 898, 771, 6, 986, 187, 127
296, 435, 234, 115, 317
248, 67, 278, 967, 8, 748
96, 17, 554, 596, 517, 10, 44, 477
608, 720, 4, 292, 184, 153, 564
816, 420, 101, 6, 327, 264, 665
273, 536, 641, 8, 121, 381
72, 240, 332, 848, 121
0, 764, 627, 421, 9, 42, 108, 693
992, 178, 115, 870, 550, 344, 378, 826, 429
160, 0, 26, 44, 486
193, 19, 246, 55
272, 251, 316, 335
8, 2, 75, 901, 39
241, 394, 13, 250
328, 562, 99, 667, 998, 120, 811, 595, 188
2, 19, 821, 57, 508, 29
47, 311, 789, 142, 239
8, 112, 10, 942, 87
217, 82, 132, 586, 398
305, 37, 327, 405, 469, 421
408, 281, 903, 420, 185
3, 67, 524, 59, 236, 979
16, 578, 612, 24, 249, 555, 76
448, 880, 290, 4, 249, 948, 34
616, 874, 851, 4, 200, 548, 442, 221, 78
64, 338, 774, 11, 428, 50, 815
112, 32, 130, 499, 118
946, 435, 149, 439, 9, 426, 11
2, 870, 230, 679, 409, 362
88, 98, 812, 38, 71
8, 668, 59, 164, 87
8, 220, 474, 132, 12
0, 584, 58, 98, 245
56, 315, 67, 379
184, 401, 428, 12, 951
49, 98, 481, 158, 25
392, 2, 26, 114, 790
161, 84, 118, 487, 58, 893
32, 9, 428, 117, 751
256, 33, 450, 116, 502, 945, 824, 906, 11, 557, 994
768, 81, 931, 52, 246, 888, 489, 140
81, 244, 502, 142, 425
2, 8, 314, 882, 10, 831
0, 73, 286, 201
209, 292, 241, 296, 794, 700
370, 204, 309, 237
288, 369, 11, 116
49, 194, 4, 549, 424, 922
49, 146, 19, 680, 266, 666
440, 33, 688, 204, 86
176, 32, 51, 693, 886, 81, 568, 521, 705, 803, 918
732, 245, 284, 665, 153, 890, 939, 92, 873
27, 65, 275, 380
10, 20, 146, 205
104, 771, 564, 775, 56, 937, 298, 27
176, 10, 195, 108, 711
8, 385, 263, 41
369, 20, 711, 91, 573, 30
0, 97, 34, 135
802, 35, 6, 220, 554, 539, 188
328, 314, 99, 229
656, 40, 760, 877, 473, 216, 9, 509, 175
145, 299, 33, 63
64, 49, 146, 166, 889
104, 130, 84, 13
808, 936, 606, 696, 74, 171, 140, 26, 510, 511
256, 499, 501, 600, 58, 314, 110
32, 544, 612, 8, 12, 749, 158
392, 184, 420, 14, 615
336, 26, 155, 196, 765
472, 155, 12, 61, 247
264, 61, 357, 471
32, 673, 902, 360, 698, 235, 462
432, 155, 12, 255
577, 50, 515, 244, 707, 8, 13, 991
136, 329, 148, 37
403, 340, 293, 73, 522, 517
25, 17, 85, 181
25, 74, 43, 210, 997
2, 261, 332, 522, 236, 558
2, 787, 436, 789, 6, 307
136, 329, 259, 193
304, 64, 2, 685, 625, 43, 626, 669
676, 27, 164, 229, 238
976, 129, 741, 54, 545, 74, 252
160, 320, 410, 28, 879
18, 788, 438, 151, 856, 713, 58
544, 65, 547, 917, 312, 345, 634, 190
161, 140, 814, 81, 441
184, 16, 951, 333, 239
1, 643, 657, 232, 73, 298, 844
0, 930, 3, 118, 9, 893
16, 737, 2, 691, 820, 89, 282, 735, 559
16, 329, 147, 120, 593
43, 247, 222, 23
721, 4, 885, 662, 792, 345, 927, 143, 732, 949, 260
192, 81, 11, 252
56, 104, 144, 884, 39
32, 690, 467, 966, 153, 427
8, 264, 107, 752, 54
99, 718, 8, 58, 636, 467
594, 974, 440, 905, 442, 29, 94, 685
8, 144, 115, 903, 135
0, 33, 697, 26, 847, 63
0, 2, 108, 277
993, 739, 324, 341, 151, 346, 957, 847
0, 584, 195, 8, 11, 607
416, 16, 939, 29, 22
272, 65, 314, 462, 609
529, 67, 27, 140, 466
466, 659, 101, 326, 665, 808, 521, 12
18, 551, 88, 44, 797, 142
32, 113, 163, 108
266, 123, 244, 163
241, 991, 376, 475, 892, 206, 575
336, 759, 10, 252, 269, 911
99, 403, 477, 85
73, 4, 12, 175
0, 162, 614, 13, 6
145, 314, 75, 18
55, 243, 628, 451, 511
480, 50, 571, 340, 477
68, 188, 59, 12, 828
9, 10, 236, 826, 422
8, 18, 324, 346
48, 36, 71, 137, 666, 761, 637, 591
96, 912, 153, 136, 889, 10
32, 8, 834, 68, 646, 40
32, 130, 619, 696, 601, 27, 510
256, 50, 358, 615, 936, 714, 126
672, 800, 19, 664, 137, 203, 109
185, 130, 29, 118
296, 281, 11, 12
81, 98, 183, 777, 29, 654
32, 152, 10, 294
81, 226, 406, 113
1, 626, 934, 104, 136, 716, 45
81, 19, 118, 681, 633, 762, 812, 61, 590
620, 691, 9, 121, 460, 892, 79
8, 316, 44, 553, 79
594, 117, 297, 104, 57, 750
849, 226, 629, 218, 2, 74, 766
201, 354, 347, 132
488, 195, 468, 709, 312, 857, 634, 909
96, 129, 20, 485, 636, 879
1, 255, 278, 183
488, 296, 2, 330, 702
944, 728, 614, 987, 102, 550, 200, 425, 747, 333
448, 97, 146, 981, 913, 272
409, 4, 614, 158, 548
512, 656, 213, 8, 797, 264
97, 10, 117, 142
50, 595, 540, 341, 207
2, 403, 460, 669, 23
53, 423, 24, 686, 654, 373
304, 0, 928, 85, 240, 605
769, 994, 723, 116, 440, 43, 12
480, 12, 2, 164
146, 148, 184, 836, 684, 493, 910
96, 105, 92, 61, 677
8, 137, 2, 785, 335
23, 315, 14, 415
32, 296, 842, 205, 94
771, 236, 27, 404, 455
929, 139, 324, 755, 185, 315
11, 268, 69, 23
624, 58, 258, 294, 383
97, 107, 918, 451, 113
8, 108, 172, 118
296, 217, 136, 32
80, 340, 293, 745, 522, 910
28, 331, 116, 158
48, 458, 91, 221
306, 350, 375, 939, 322, 606
376, 218, 515, 58, 743
178, 884, 117, 40, 9, 638, 949
16, 194, 475, 101
24, 53, 46, 423
208, 152, 210, 845, 9
304, 65, 340, 293, 583
193, 4, 884, 246, 55
842, 296, 57, 42, 188, 810
580, 118, 330, 859, 813, 302
433, 98, 507, 44
144, 1, 290, 5
0, 738, 419, 980, 9, 398
603, 298, 51, 2, 150
705, 182, 769, 201, 58, 138, 762
65, 18, 2, 69
33, 538, 164, 263
137, 284, 526, 4
744, 97, 202, 123, 377
9, 10, 147, 852, 494
502, 541, 102, 133
553, 10, 3, 846, 415
403, 261, 774, 227, 744, 27, 607
256, 128, 2, 207
680, 156, 195, 108, 246
88, 82, 332, 186
16, 675, 725, 759, 202, 935, 314, 467
529, 770, 19, 17, 22, 663
744, 4, 347, 164, 6
369, 2, 823, 72, 587, 909
112, 2, 106, 10
240, 306, 51, 556
393, 466, 705, 574, 63
55, 507, 596, 175
81, 968, 404, 965, 184, 681, 924, 12, 970
16, 65, 952, 509, 137
64, 81, 104, 311
936, 33, 111, 148, 25
193, 155, 468, 423
4, 43, 196, 155
0, 548, 550, 519
530, 819, 469, 358, 942, 334
851, 943, 358, 425, 874, 235, 829, 271
96, 106, 44, 938, 6
289, 67, 324, 207
696, 529, 332, 326, 137
16, 539, 244, 238, 663
8, 385, 10, 801, 329
282, 31, 923, 42, 125
32, 299, 62, 39
168, 1, 124, 641, 567
304, 1, 483, 59
1, 91, 483, 537
0, 408, 850, 332, 97
32, 521, 62, 271
257, 849, 766, 262, 807, 74, 780, 542
80, 322, 758, 6, 104, 763, 751
128, 2, 3, 156
65, 70, 329, 89, 651, 975
81, 707, 89, 538, 972, 250
488, 544, 190, 377
48, 1, 173, 126, 871
545, 99, 301, 501
306, 36, 678, 920, 13, 526
576, 48, 205, 766, 341
244, 10, 156, 38, 905
224, 361, 2, 925, 246
624, 248, 406, 721, 8, 991
8, 962, 51, 117, 197
960, 1, 2, 963, 21, 491, 908
272, 720, 164, 742, 44, 141
8, 224, 146, 92, 728
528, 8, 13, 262
229, 4, 69, 940, 748, 223
133, 129, 703, 29, 161
16, 0, 739, 30, 31
25, 10, 209, 49
632, 89, 158, 65
328, 41, 292, 65
225, 4, 869, 8, 905, 973, 14
8, 555, 534, 158
32, 291, 76, 171
168, 551, 462, 23
1, 370, 811, 292, 827, 491
8, 377, 329, 223
7, 511, 78, 247
1, 26, 204, 946, 55
24, 2, 163, 343
496, 9, 10, 260
601, 620, 166, 36
320, 673, 130, 531, 313, 734
452, 405, 102, 511
33, 19, 526, 449
3, 415, 165, 183
96, 144, 85, 431
104, 554, 11, 483
48, 16, 138, 87
50, 314, 171, 13, 871
16, 18, 531, 166
664, 313, 320, 473
8, 9, 224, 0
184, 900, 118, 838, 55, 600
484, 394, 44, 229
96, 560, 28, 17
20, 148, 373, 814, 637
32, 107, 429, 343
449, 122, 598, 49
608, 81, 964, 965, 968, 121, 538
152, 80, 27, 125
296, 42, 219, 118
340, 921, 148, 298, 559, 778, 687
483, 29, 502, 311
24, 1, 555, 373
20, 155, 684, 13
17, 450, 68, 881, 332, 878
265, 26, 51, 1
880, 17, 499, 68, 41
25, 202, 539, 493, 721
32, 81, 798, 158, 1
408, 329, 451, 12, 751
49, 338, 868, 757, 120, 75, 767
0, 249, 290, 36
529, 466, 843, 6, 619, 783
504, 1, 10, 309
0, 124, 965, 473, 891, 44, 703
339, 35, 292, 985, 138, 715
706, 195, 937, 41, 27, 915, 445
32, 9, 324, 104, 776
104, 228, 547, 116
648, 105, 698, 92
241, 12, 133, 319
856, 451, 588, 77, 606
928, 257, 35, 774, 999, 968, 700, 915, 62, 895
633, 475, 237, 142
265, 922, 4, 21, 45
544, 2, 822, 776, 10, 316
16, 81, 35, 773, 49, 953
456, 369, 458, 260
761, 369, 139, 44, 87
58, 31, 214, 487
33, 162, 725, 826, 530, 271
848, 385, 339, 150, 985, 699
1, 934, 325, 118, 537
264, 40, 163, 390, 816
40, 17, 235, 501
328, 794, 287, 325, 125
184, 644, 99, 404, 910
496, 641, 691, 260
48, 17, 34, 907, 0
9, 12, 557, 1
217, 250, 2, 258, 895
216, 162, 936, 935, 600, 714
136, 10, 323, 866, 375
248, 235, 52, 31
548, 276, 645, 71
8, 16, 927, 212, 40
32, 101, 62, 29
0, 65, 918, 312, 906, 813, 77
496, 16, 866, 452, 983, 792, 873, 890, 896, 349
148, 196, 6, 7
664, 313, 10, 309
2, 4, 493, 341
73, 108, 13, 149
874, 2, 151, 493, 93
0, 385, 586, 5
16, 649, 90, 506
9, 87, 12, 959, 17
384, 393, 2, 485
272, 324, 74, 644
0, 12, 970, 324, 575
592, 602, 596, 269
249, 571, 964, 117, 137
8, 210, 2, 226
200, 548, 75, 44
402, 207, 2, 647
32, 4, 468, 87
17, 69, 57, 858, 541, 878
2, 693, 630, 439
17, 122, 107, 500
225, 87, 340, 295
299, 12, 237, 166
160, 306, 139, 565
986, 24, 137, 10, 973, 174
49, 380, 85, 694
124, 166, 630, 119
600, 121, 3, 516
192, 786, 9, 364, 462, 911
712, 12, 44, 526
67, 812, 201, 538, 588, 814
96, 17, 4, 630, 864
48, 353, 932, 408, 9, 781, 784
129, 20, 141, 470
542, 28, 629, 638
338, 275, 118, 694, 901
340, 441, 842, 172, 246
129, 11, 588, 557
601, 243, 76, 365
400, 236, 564, 865, 455
997, 396, 157, 246, 149
49, 266, 43, 942, 710
177, 706, 596, 426, 855
8, 58, 148, 455
288, 709, 822, 841, 701, 142
129, 81, 534, 225
384, 32, 684, 224
24, 273, 947, 44, 46
808, 179, 84, 629, 21
217, 331, 764, 353
144, 33, 196, 870, 811, 159
696, 0, 124, 86
48, 376, 764, 185
561, 2, 335, 137
760, 9, 13, 8
65, 50, 481, 159
18, 324, 309, 487
48, 481, 941, 118, 417
801, 322, 67, 388, 437, 955
32, 249, 36, 998, 56
496, 84, 106, 732, 906
0, 212, 309, 7
58, 67, 445, 719
902, 279, 8, 73, 823, 351
240, 116, 859, 284, 197
512, 67, 62, 551
360, 1, 692, 12
320, 9, 140, 14
176, 234, 531, 155
1, 805, 621, 790, 63
217, 460, 37, 6, 865
8, 81, 34, 451
16, 91, 3, 244
801, 985, 28, 69, 63
264, 257, 94, 9
0, 377, 43, 629
466, 835, 780, 141, 511
264, 89, 390, 65
104, 57, 582, 233
657, 11, 782, 415
538, 10, 762, 430
731, 133, 207, 583
489, 762, 678, 257
32, 17, 426, 182
49, 405, 264, 972, 893, 717
208, 144, 1, 151
116, 13, 390, 383
68, 33, 12, 966, 615
2, 36, 493, 71
416, 74, 19, 103
19, 709, 838, 776, 892, 941, 142
73, 603, 795, 59
96, 85, 440, 959, 27, 853
73, 204, 221, 4
409, 714, 524, 175
657, 370, 292, 2
523, 9, 51, 142, 919
616, 32, 943, 12, 271
41, 2, 98, 119
8, 443, 132, 23
48, 289, 66, 310
298, 12, 53, 327
136, 40, 3, 528
272, 129, 141, 808
81, 139, 236, 559
16, 338, 275, 238
184, 675, 116, 822
80, 26, 219, 162
81, 58, 19, 170
288, 776, 954, 36, 32
296, 768, 563, 582
1, 916, 696, 969, 348, 173
8, 73, 491, 345
11, 378, 579, 882, 118
115, 9, 154, 595
8, 504, 506, 12
0, 715, 380, 407
226, 2, 629, 542
8, 1, 627, 124
152, 208, 616, 425
24, 593, 954, 301, 118
232, 8, 99, 824
64, 0, 86, 304
177, 26, 347, 774
705, 487, 12, 9
544, 124, 18, 140
48, 17, 750, 57
962, 583, 796, 197, 21
208, 321, 18, 274
368, 25, 96, 185
280, 65, 977, 6, 159
8, 9, 6, 158
2, 763, 4, 229
968, 10, 771, 340, 802
305, 934, 726, 12, 732, 973
384, 32, 314, 27, 971
330, 324, 338, 694
137, 4, 653, 263
409, 196, 429, 782
249, 635, 124, 671
16, 1, 10, 97
732, 452, 118, 28
616, 201, 737, 425
65, 203, 29, 97
25, 3, 268, 31
64, 97, 106, 462
688, 17, 332, 750, 881
320, 153, 971, 486, 545
64, 424, 690, 319
152, 17, 688, 878
304, 443, 845, 118, 910
80, 313, 19, 5, 945
576, 8, 498, 581
496, 260, 44, 197
176, 51, 451, 116
201, 234, 205, 982, 317
441, 980, 13, 246, 127
464, 65, 10, 940, 527
17, 452, 732, 284
0, 153, 698, 124
539, 185, 515, 822
8, 816, 492, 438
10, 4, 157, 238
81, 706, 915, 724, 250
16, 57, 923, 732, 279
324, 267, 92, 262
400, 10, 20, 127
137, 19, 20, 191
201, 675, 92, 87
24, 50, 413, 767
48, 32, 795, 983, 473
185, 12, 421, 503
360, 89, 26, 36
128, 653, 502, 639
440, 792, 731, 0
65, 722, 340, 17
0, 2, 643, 196
544, 603, 397, 157
720, 882, 571, 559
760, 516, 269, 78
153, 52, 21, 527
97, 138, 981, 549, 103
16, 112, 156, 303
706, 35, 700, 895
96, 843, 92, 206
488, 300, 29, 78
568, 107, 451, 731
9, 11, 828, 12
273, 306, 43, 637
16, 8, 684, 278
448, 708, 194, 12
288, 896, 314, 622
608, 8, 75, 150
224, 0, 640, 32
57, 19, 68, 13
8, 729, 84, 496
121, 706, 556, 257
280, 188, 324, 565
139, 492, 366, 6
8, 360, 213, 441
24, 764, 325, 55
1, 9, 6, 49
537, 866, 716, 305
600, 16, 725, 177
466, 611, 530, 725
44, 700, 22, 455
8, 617, 315, 96
153, 452, 508, 574
97, 223, 889, 647
16, 822, 789, 30
40, 418, 773, 615
616, 235, 829, 271
338, 227, 548, 102
440, 80, 152, 883
660, 428, 149, 30
49, 779, 273, 129
424, 1, 290, 4
576, 496, 178, 117
9, 220, 190, 260
184, 490, 435, 294
609, 58, 23, 119
305, 156, 333, 710
288, 841, 852, 13
264, 65, 790, 17
72, 9, 18, 52
506, 191, 380, 167
8, 209, 244, 14
824, 17, 202, 740
225, 643, 4, 21, 963
89, 74, 275, 60
313, 642, 859, 197
960, 354, 643, 4
137, 681, 58, 745
608, 681, 698, 121
217, 819, 36, 499
41, 402, 67, 197
608, 681, 706, 865
843, 185, 82, 291
608, 393, 52, 743
11, 9, 867, 879
816, 33, 250, 633
16, 866, 756, 653
64, 240, 91, 502
632, 385, 271, 89
16, 129, 485, 54
6, 195, 13, 862
2, 155, 20, 311
345, 84, 422, 316
888, 586, 258, 2
32, 97, 549, 913
887, 12, 13, 117
32, 224, 732, 902
0, 17, 386, 354
185, 715, 699, 805
400, 193, 211, 756
50, 548, 34, 381
16, 11, 18, 203
0, 9, 20, 216
8, 64, 147, 16
515, 641, 2, 475
344, 409, 378, 235
308, 506, 108, 337
440, 9, 204, 557
8, 393, 10, 185
160, 240, 171, 140
0, 772, 101, 479
791, 193, 211, 415
64, 257, 706, 35
