1.0
1.0
1.0
1.0
1.0
1.0
1.0
1.0
1.0
1.0
1.0
1.0
1.0
1.0
1.0
1.0
1.0
1.0
1.0
1.0
1.0
1.0
1.0
1.0
1.0
1.0
1.0
1.0
1.0
1.0
1.0
1.0
1.0
1.0
1.0
1.0
1.0
1.0
1.0
1.0
1.0
1.0
1.0
1.0
1.0
1.0
1.0
1.0
1.0
1.0
1.0
1.0
1.0
1.0
1.0
1.0
1.0
1.0
1.0
1.0
1.0
1.0
1.0
1.0
1.0
1.0
1.0
1.0
1.0
1.0
1.0
1.0
1.0
1.0
1.0
1.0
1.0
1.0
1.0
1.0
1.0
1.0
1.0
1.0
1.0
1.0
1.0
1.0
1.0
1.0
1.0
1.0
1.0
1.0
1.0
1.0
1.0
1.0
1.0
1.0
0.99
1.0
1.0
0.99
1.0
1.0
1.0
1.0
1.0
1.0
1.0
1.0
1.0
1.0
1.0
1.0
1.0
1.0
1.0
1.0
1.0
1.0
1.0
1.0
1.0
1.0
1.0
1.0
1.0
1.0
1.0
0.99
1.0
1.0
1.0
1.0
1.0
1.0
1.0
1.0
1.0
1.0
1.0
1.0
1.0
1.0
1.0
1.0
1.0
1.0
1.0
1.0
1.0
1.0
1.0
1.0
1.0
1.0
1.0
1.0
1.0
1.0
1.0
1.0
1.0
1.0
1.0
1.0
1.0
1.0
1.0
1.0
1.0
1.0
1.0
1.0
1.0
1.0
1.0
1.0
1.0
0.99
1.0
1.0
1.0
1.0
1.0
1.0
1.0
1.0
1.0
1.0
1.0
1.0
1.0
1.0
1.0
1.0
1.0
1.0
1.0
1.0
1.0
1.0
1.0
1.0
1.0
1.0
1.0
1.0
1.0
1.0
1.0
1.0
1.0
0.99
1.0
1.0
1.0
1.0
1.0
1.0
1.0
1.0
1.0
1.0
1.0
1.0
1.0
1.0
1.0
0.99
1.0
1.0
1.0
1.0
1.0
1.0
1.0
1.0
1.0
1.0
0.98
0.99
1.0
1.0
1.0
1.0
1.0
1.0
1.0
1.0
1.0
0.99
0.99
1.0
1.0
1.0
1.0
1.0
1.0
1.0
1.0
1.0
1.0
0.99
1.0
1.0
1.0
1.0
1.0
1.0
1.0
1.0
0.99
1.0
1.0
1.0
1.0
1.0
1.0
1.0
1.0
1.0
1.0
1.0
1.0
0.99
1.0
1.0
1.0
1.0
1.0
1.0
1.0
1.0
1.0
1.0
1.0
1.0
0.99
1.0
1.0
1.0
1.0
1.0
1.0
1.0
1.0
1.0
1.0
1.0
1.0
1.0
1.0
1.0
1.0
1.0
1.0
1.0
1.0
1.0
1.0
1.0
1.0
1.0
1.0
1.0
1.0
1.0
1.0
1.0
1.0
1.0
1.0
1.0
1.0
1.0
1.0
1.0
1.0
1.0
0.98
1.0
1.0
1.0
1.0
1.0
1.0
1.0
0.99
1.0
1.0
1.0
1.0
1.0
0.99
1.0
1.0
1.0
1.0
1.0
1.0
0.99
1.0
1.0
0.99
0.99
1.0
1.0
1.0
1.0
0.98
1.0
1.0
1.0
1.0
1.0
1.0
1.0
1.0
1.0
1.0
1.0
1.0
1.0
1.0
0.99
0.99
0.99
1.0
0.99
1.0
1.0
1.0
0.98
0.99
1.0
1.0
0.99
1.0
1.0
1.0
1.0
1.0
1.0
1.0
0.99
1.0
1.0
1.0
0.98
0.99
0.99
0.99
1.0
1.0
1.0
1.0
1.0
1.0
1.0
1.0
0.99
1.0
1.0
1.0
0.99
1.0
0.99
1.0
1.0
1.0
1.0
1.0
1.0
0.99
1.0
1.0
1.0
1.0
1.0
1.0
1.0
1.0
1.0
0.97
1.0
1.0
1.0
1.0
1.0
1.0
1.0
0.99
1.0
1.0
1.0
1.0
0.99
1.0
1.0
1.0
0.99
1.0
0.99
1.0
1.0
1.0
1.0
0.99
1.0
1.0
1.0
0.99
1.0
0.99
1.0
1.0
0.97
1.0
1.0
0.98
1.0
1.0
1.0
1.0
1.0
1.0
1.0
0.99
1.0
1.0
1.0
1.0
0.99
1.0
1.0
0.99
1.0
1.0
1.0
1.0
1.0
1.0
1.0
1.0
0.99
1.0
1.0
1.0
1.0
1.0
1.0
1.0
1.0
1.0
1.0
1.0
1.0
0.99
1.0
1.0
1.0
1.0
0.97
1.0
1.0
1.0
1.0
1.0
1.0
0.99
0.98
1.0
0.98
0.99
1.0
1.0
1.0
0.99
1.0
1.0
0.98
1.0
1.0
0.97
1.0
1.0
1.0
1.0
1.0
0.99
1.0
0.99
1.0
1.0
1.0
1.0
1.0
0.99
1.0
1.0
0.99
1.0
1.0
0.98
0.99
1.0
1.0
1.0
0.99
1.0
1.0
1.0
1.0
1.0
1.0
0.99
1.0
1.0
1.0
1.0
1.0
1.0
1.0
0.99
1.0
1.0
1.0
1.0
0.98
1.0
1.0
0.98
0.99
0.99
1.0
1.0
1.0
1.0
1.0
1.0
1.0
1.0
0.99
0.99
0.98
1.0
1.0
0.99
1.0
0.98
0.99
0.96
1.0
1.0
1.0
1.0
1.0
1.0
0.99
1.0
1.0
1.0
0.98
0.95
1.0
1.0
1.0
1.0
0.99
1.0
1.0
1.0
1.0
0.99
1.0
1.0
1.0
0.99
1.0
1.0
1.0
1.0
1.0
1.0
1.0
1.0
1.0
1.0
1.0
1.0
1.0
0.99
0.99
1.0
1.0
0.98
0.99
1.0
0.97
1.0
1.0
1.0
0.98
1.0
0.98
0.99
0.98
1.0
1.0
0.99
1.0
1.0
1.0
1.0
1.0
1.0
1.0
0.99
0.99
0.99
0.97
1.0
1.0
0.99
0.99
1.0
1.0
1.0
1.0
1.0
1.0
1.0
0.99
1.0
1.0
1.0
1.0
1.0
1.0
1.0
1.0
1.0
1.0
1.0
0.98
1.0
1.0
1.0
1.0
0.99
1.0
0.99
1.0
1.0
1.0
0.99
1.0
1.0
1.0
1.0
1.0
1.0
1.0
0.99
1.0
1.0
1.0
0.98
1.0
1.0
1.0
1.0
0.99
0.98
1.0
1.0
0.99
1.0
0.99
0.99
1.0
0.98
1.0
1.0
1.0
0.97
0.99
1.0
1.0
0.98
1.0
0.99
1.0
1.0
0.98
1.0
1.0
1.0
0.98
1.0
1.0
1.0
1.0
1.0
0.99
0.99
0.99
0.99
1.0
1.0
1.0
1.0
0.99
0.99
0.99
1.0
0.99
1.0
1.0
1.0
1.0
0.99
0.99
0.97
1.0
0.98
1.0
1.0
1.0
1.0
1.0
1.0
1.0
1.0
1.0
0.99
0.99
0.99
0.99
1.0
0.99
0.99
1.0
0.99
0.99
0.99
1.0
0.99
1.0
0.99
0.99
0.99
0.99
1.0
0.98
1.0
1.0
0.97
0.99
1.0
1.0
1.0
1.0
0.98
0.99
0.99
1.0
1.0
1.0
0.99
1.0
0.98
1.0
0.97
1.0
0.99
1.0
1.0
0.99
0.99
1.0
1.0
0.98
0.97
0.99
0.99
0.98
0.99
0.97
1.0
1.0
1.0
0.98
0.99
1.0
0.99
1.0
0.98
1.0
0.99
1.0
1.0
1.0
1.0
1.0
0.99
0.98
0.98
0.98
1.0
1.0
0.99
0.98
0.99
0.99
1.0
0.99
0.97
0.99
1.0
1.0
1.0
0.99
1.0
0.99
1.0
1.0
0.98
0.99
1.0
1.0
1.0
1.0
1.0
0.98
1.0
0.99
1.0
0.97
1.0
1.0
0.98
0.98
1.0
1.0
1.0
1.0
0.97
1.0
0.99
1.0
0.97
0.99
1.0
0.99
0.99
0.99
1.0
1.0
1.0
0.99
1.0
1.0
1.0
0.99
0.99
0.98
0.99
1.0
0.98
0.98
0.98
0.99
0.99
0.99
1.0
1.0
0.98
0.97
1.0
0.98
1.0
1.0
0.97
0.99
1.0
1.0
0.97
0.98
1.0
0.99
0.98
1.0
0.98
0.99
0.97
0.96
1.0
1.0
1.0
0.99
0.99
0.99
0.99
0.98
0.99
0.98
0.99
1.0
1.0
0.99
0.98
1.0
1.0
0.99
0.99
0.99
1.0
1.0
1.0
0.99
1.0
1.0
1.0
1.0
0.99
0.98
0.99
0.99
1.0
0.97
0.98
1.0
1.0
0.99
0.99
1.0

2.25
3.0
2.3
1.0
2.09
3.07
2.2
2.29
1.0
2.14
2.26
2.24
2.31
2.09
2.23
3.06
2.3
3.01
3.01
3.01
3.04
2.28
2.4
3.0
3.04
2.41
3.0
3.06
3.16
3.0
3.07
3.09
3.0
3.19
3.01
3.04
3.0
2.41
3.11
2.39
3.0
3.01
3.07
3.28
2.31
2.28
3.07
2.57
3.15
3.06
3.03
2.3
2.35
3.17
2.26
4.0
3.12
3.22
3.01
3.01
3.17
2.25
2.31
3.53
3.02
2.14
4.0
3.03
3.06
3.2
3.21
3.18
3.13
2.37
2.45
3.09
3.09
2.48
3.21
2.28
3.28
2.41
3.07
4.01
3.32
2.43
3.12
2.3
3.27
3.1
3.3
3.12
2.27
2.35
2.38
3.11
3.03
2.35
3.04
3.08
2.323232323232323
3.28
3.2
3.3636363636363638
3.56
2.44
3.04
2.35
3.0
2.3
3.52
3.53
3.06
3.35
2.2
2.32
3.04
2.25
3.07
2.42
3.13
2.31
3.08
2.64
3.13
2.36
3.25
3.09
2.05
3.2
4.0
3.5454545454545454
2.36
3.47
4.04
3.31
2.46
3.04
3.11
3.09
3.13
3.15
3.11
3.13
3.14
3.17
2.47
3.16
3.1
3.07
3.06
3.45
3.1
3.34
3.2
3.51
3.02
2.35
3.02
3.21
3.27
3.22
2.31
3.34
3.14
3.11
3.05
3.36
3.46
3.12
4.0
3.53
2.47
4.0
3.54
3.48
2.52
3.49
3.06
3.3
3.05
3.5353535353535355
3.65
3.23
3.26
3.09
3.64
3.6
3.24
3.27
3.18
4.02
4.0
3.33
2.34
3.08
3.29
3.08
4.02
3.1
3.07
4.0
3.25
3.49
2.84
3.44
3.13
3.14
3.2
2.27
2.26
3.3
3.08
2.34
3.32
4.0
3.08
3.28
3.61
3.49
3.28
3.48
4.03
2.37
3.08
3.18
3.18
3.15
3.65
3.24
3.2
2.4444444444444446
2.41
3.32
3.48
3.21
3.08
2.69
3.11
3.46
3.18
3.39
3.86734693877551
3.3535353535353534
3.01
4.0
3.32
3.11
3.12
3.53
4.03
3.3
3.2
2.4646464646464645
4.03030303030303
3.52
4.02
2.44
3.49
3.17
3.54
4.0
3.22
3.29
2.36
2.414141414141414
3.07
3.41
3.14
3.4
3.45
3.51
3.12
3.1
3.4646464646464645
3.37
4.0
3.25
2.35
3.22
3.55
3.24
3.25
3.55
3.18
3.19
3.14
2.5353535353535355
2.4
4.05
4.0
2.63
3.35
2.29
3.54
3.15
3.53
3.61
3.57
4.01
2.414141414141414
3.21
2.39
3.52
2.42
2.56
3.58
3.14
2.44
3.28
4.09
3.55
3.15
3.51
3.08
3.11
3.61
4.02
3.68
3.22
2.71
4.09
3.32
2.39
3.12
3.41
3.28
3.14
4.01
3.11
3.12
3.05
3.34
4.0
3.48
3.24
3.12
3.14
4.03
3.51
2.32
4.0
3.5714285714285716
3.22
3.35
2.41
3.19
2.46
3.65
3.56
3.313131313131313
3.3
3.53
3.41
2.26
4.03
4.070707070707071
3.25
3.69
3.59
2.33
4.04
3.55
3.5555555555555554
3.46
3.62
3.525252525252525
4.262626262626263
3.49
4.0
3.51
3.57
4.030612244897959
3.47
3.61
2.44
4.05
2.46
4.02
4.05
4.0
3.12
4.04
3.52
2.42
2.33
3.16
3.111111111111111
3.393939393939394
3.484848484848485
3.24
3.3636363636363638
3.43
2.49
3.17
2.36734693877551
3.292929292929293
3.54
2.33
3.2626262626262625
3.39
3.57
2.35
3.24
3.41
3.29
2.28
3.484848484848485
3.21
3.5
3.26
4.1020408163265305
4.0606060606060606
2.414141414141414
3.4646464646464645
3.24
3.48
3.67
2.38
3.22
3.28
4.04
2.63
3.6363636363636362
3.48
3.46
3.47
4.03030303030303
3.14
3.6262626262626263
4.02
2.46
2.45
3.45
4.03
3.57
3.585858585858586
3.23
3.55
3.18
3.48
3.15
3.54
2.35
3.31
3.58
3.556701030927835
3.21
3.16
3.63
3.64
3.09
3.49
3.4
3.303030303030303
3.52
3.21
2.44
4.06
3.191919191919192
3.46
4.08
3.46
4.040404040404041
3.52
3.494949494949495
3.62
3.54
2.4
3.52
4.05050505050505
3.25
3.28
3.54
3.2323232323232323
2.32
3.212121212121212
3.11
3.34
3.11340206185567
3.53
3.21
3.5816326530612246
3.26
4.0
3.21
3.65
4.02
3.14
3.57
3.5555555555555554
3.1
2.37
3.27
3.52
4.070707070707071
3.09
3.25
3.2626262626262625
4.21
2.31
2.77
3.5
2.5
3.3
3.26
3.5
2.3434343434343434
3.35
3.34
4.05
3.55
3.3
4.03
3.59
3.54
3.36
3.58
3.08
3.01
4.0
4.06
3.51
3.56
3.14
2.6391752577319587
4.0
3.29
2.39
4.02
4.09
3.52
4.040404040404041
3.2346938775510203
3.29
3.5408163265306123
3.242424242424242
3.33
3.33
3.1
2.4646464646464645
3.52
3.26
3.183673469387755
3.48
4.0
3.484536082474227
3.54
4.01
3.23
3.37
2.45
3.121212121212121
3.3
3.505050505050505
3.59
3.18
3.53
3.28
3.64
3.090909090909091
2.44
3.42
3.6262626262626263
4.06
4.02
3.3979591836734695
4.02020202020202
3.25
2.46
3.54
3.3434343434343434
4.0
4.09
3.64
4.08
3.08
3.14
4.01010101010101
3.27
3.07
3.19
4.03
3.54
3.16
4.01
3.121212121212121
3.28
4.06
3.25
4.03
3.520408163265306
3.15
3.22
4.071428571428571
2.3838383838383836
4.02020202020202
3.07
4.02
4.07
3.28
3.55
3.09
3.54
3.28
3.5353535353535355
3.686868686868687
3.622448979591837
3.1
3.26
3.606060606060606
3.58
3.6530612244897958
3.404040404040404
3.5
4.08
4.07
3.12
4.04
4.03
3.49
2.3333333333333335
3.44
3.24
3.48
3.5306122448979593
4.031578947368421
3.16
3.57
3.31
3.53
2.3434343434343434
3.46
3.63
3.58
4.09
3.727272727272727
3.37
4.08
3.58
3.525252525252525
2.33
2.36
3.31
3.51
2.41
2.27
3.11
4.01
3.22
3.15
3.43
3.42
2.29
2.6363636363636362
3.494949494949495
3.55
4.02
2.3979591836734695
3.4444444444444446
3.69
3.5257731958762886
3.19
4.04
3.65
4.081632653061225
4.03
2.5816326530612246
3.313131313131313
3.5306122448979593
3.24
3.42
3.4646464646464645
3.68
2.29
4.07
3.6
4.0
4.02
3.53
4.05050505050505
3.292929292929293
3.505050505050505
4.010309278350515
3.23
4.06
4.02020202020202
3.4646464646464645
4.04
3.2
4.03
3.51
3.61
3.49
4.02
3.5757575757575757
3.56
3.57
3.2
4.02
4.01
3.47
4.09
3.23
3.59
3.57
3.37
3.316326530612245
3.04
3.21
3.25
4.32
3.2222222222222223
4.06
3.686868686868687
3.54
4.01
3.61
3.6262626262626263
3.43
4.07
3.5
3.48
3.15
3.55
3.57
3.04040404040404
3.45
3.72
2.43
3.489795918367347
3.09
3.51
3.24
3.55
3.313131313131313
3.204081632653061
3.28
3.22
3.525252525252525
3.13
3.1414141414141414
3.5353535353535355
3.22
4.051020408163265
3.47
2.47
3.49
3.2577319587628866
3.1414141414141414
4.05
3.6
3.2551020408163267
3.23
3.3636363636363638
4.15
3.5
3.7142857142857144
3.56
2.58
3.27
3.377551020408163
4.13
3.38
3.36
4.04
4.09
4.121212121212121
3.3333333333333335
3.6161616161616164
4.08080808080808
4.04
3.49
4.03
4.09
2.6464646464646466
3.414141414141414
3.595959595959596
3.55
3.474747474747475
3.63
4.03
4.02
3.51
4.0606060606060606
3.242424242424242
2.350515463917526
3.42
4.040816326530612
4.05
4.01
4.03
4.04
3.23
4.02
2.52
4.0
3.22
3.282828282828283
3.121212121212121
3.606060606060606
3.606060606060606
3.23
2.515151515151515
2.4444444444444446
4.11
3.0202020202020203
3.292929292929293
4.141414141414141
3.22
4.141414141414141
3.6
3.5454545454545454
4.090909090909091
3.9393939393939394
4.02020202020202
3.28
4.010204081632653
3.45
3.49
3.4948453608247423
3.606060606060606
4.03
3.2
3.21
3.15
4.061224489795919
3.515151515151515
3.1515151515151514
3.6
3.26
2.38
4.373737373737374
3.56
2.4081632653061225
4.05
3.597938144329897
3.58
4.151515151515151
3.43
3.61
3.5353535353535355
4.242424242424242
4.05
2.33
3.4081632653061225
3.11340206185567
2.5353535353535355
3.4545454545454546
3.510204081632653
2.6363636363636362
4.123711340206185
4.0
2.36
3.2
3.5918367346938775
3.3838383838383836
4.01
4.0606060606060606
3.46
4.1020408163265305
3.56
3.212121212121212
2.35
3.23
3.17
3.24
3.5
4.121212121212121
3.2244897959183674
4.214285714285714
4.153061224489796
3.16
4.05
4.3232323232323235
3.295918367346939
2.474747474747475
3.5454545454545454
4.15
3.6464646464646466
4.072164948453608
4.1313131313131315
3.33
4.03
2.53
3.606060606060606
3.24
4.121212121212121
3.31
3.16
4.051020408163265
3.5353535353535355
4.1
2.56
3.09
3.65
3.53
3.479591836734694
3.49
4.02020202020202
3.34
3.4948453608247423
3.55
3.31
3.4489795918367347
3.173469387755102
3.52
3.27
3.28
3.53
4.22680412371134
4.03
3.3333333333333335
3.55
3.556701030927835
4.070707070707071
3.5
3.494949494949495
3.494949494949495
3.090909090909091
4.06
2.37
3.18
3.484848484848485
2.66
3.42
3.31
2.484848484848485
3.272727272727273
4.112244897959184
3.1818181818181817
2.35
4.1020408163265305
3.13265306122449
3.63265306122449
3.5555555555555554
4.3232323232323235
3.3535353535353534
2.45
4.15
3.2755102040816326
3.5876288659793816
3.62
4.224489795918367
4.15
4.06
4.041237113402062
4.040404040404041
3.35
3.5
3.443298969072165
4.13265306122449
3.57
3.595959595959596
3.2346938775510203
3.2
3.2448979591836733
4.313131313131313
2.3195876288659796
4.010416666666667
3.13
3.53
3.65
3.191919191919192
4.01010101010101
3.5454545454545454
4.101010101010101
3.520408163265306
4.040404040404041
3.622448979591837
3.3434343434343434
3.22
4.16
3.313131313131313
4.020408163265306
3.53
3.3
3.1616161616161618
3.505050505050505
3.3737373737373737
3.51
3.6
3.11
4.040404040404041
3.23
4.14
4.1
4.02
3.2626262626262625
3.173469387755102
2.525252525252525
3.121212121212121
4.14
3.5257731958762886
3.295918367346939
2.36
4.04
3.5555555555555554
4.141414141414141
3.53
