0.7
0.65
0.79
1.0
0.78
0.39
0.71
0.39
1.0
0.77
0.8
0.71
0.82
0.68
0.56
0.3
0.74
0.6
0.58
0.64
0.39
0.38
0.4
0.43
0.46
0.45
0.52
0.52
0.39
0.55
0.19
0.27
0.7
0.41
0.57
0.45
0.48
0.36
0.39
0.28
0.38
0.54
0.26
0.33
0.54
0.34
0.27
0.23
0.41
0.48
0.42
0.54
0.37
0.35
0.43
0.25
0.35
0.33
0.44
0.39
0.25
0.36
0.42
0.24
0.38
0.59
0.13
0.36
0.42
0.32
0.24
0.26
0.35
0.39
0.37
0.31
0.25
0.19
0.28
0.21
0.31
0.4
0.27
0.16
0.31
0.32
0.23
0.31
0.2
0.48
0.25
0.23
0.22
0.18
0.37
0.23
0.48
0.45
0.36
0.28
0.26
0.33
0.28
0.18
0.35
0.22
0.36
0.25
0.39
0.19
0.2
0.17
0.31
0.25
0.33
0.37
0.36
0.38
0.47
0.25
0.27
0.37
0.3
0.25
0.33
0.27
0.31
0.25
0.29
0.31
0.28
0.18
0.36
0.19
0.16
0.19
0.34
0.38
0.33
0.32
0.3
0.26
0.27
0.18
0.3
0.24
0.28
0.15
0.29
0.18
0.17
0.28
0.28
0.22
0.22
0.29
0.24
0.19
0.28
0.28
0.21
0.28
0.36
0.16
0.24
0.18
0.25
0.27
0.37
0.12
0.16
0.26
0.15
0.24
0.14
0.18
0.31
0.27
0.26
0.15
0.31
0.15
0.24
0.24
0.24
0.23
0.11
0.11
0.2
0.24
0.31
0.27
0.24
0.17
0.25
0.29
0.27
0.22
0.1
0.28
0.31
0.36
0.19
0.21
0.25
0.27
0.22
0.22
0.18
0.24
0.3
0.21
0.21
0.25
0.16
0.15
0.26
0.33
0.15
0.19
0.26
0.1
0.08
0.25
0.32
0.24
0.17
0.22
0.12
0.25
0.2
0.16
0.21
0.11
0.23
0.17
0.24
0.24
0.21
0.27
0.19
0.18
0.1
0.19
0.34
0.17
0.16
0.22
0.17
0.12
0.09
0.18
0.21
0.12
0.08
0.12
0.12
0.35
0.22
0.2
0.29
0.17
0.17
0.26
0.33
0.28
0.16
0.17
0.18
0.17
0.07
0.16
0.23
0.28
0.21
0.28
0.19
0.22
0.22
0.17
0.16
0.24
0.22
0.17
0.16
0.23
0.18
0.18
0.3
0.14
0.15
0.22
0.26
0.19
0.2
0.15
0.26
0.13
0.21
0.23
0.27
0.3
0.19
0.14
0.25
0.22
0.1
0.23
0.24
0.19
0.1
0.17
0.19
0.2
0.31
0.16
0.17
0.12
0.06
0.16
0.21
0.08
0.27
0.23
0.25
0.16
0.12
0.29
0.17
0.24
0.15
0.17
0.26
0.19
0.15
0.18
0.17
0.16
0.14
0.19
0.29
0.08
0.1
0.18
0.22
0.23
0.18
0.21
0.14
0.21
0.14
0.15
0.07
0.14
0.26
0.15
0.18
0.11
0.12
0.09
0.27
0.16
0.06
0.15
0.09
0.22
0.14
0.05
0.11
0.19
0.15
0.21
0.08
0.22
0.09
0.18
0.18
0.18
0.12
0.16
0.23
0.19
0.13
0.19
0.27
0.16
0.15
0.12
0.19
0.16
0.14
0.23
0.13
0.19
0.2
0.18
0.12
0.2
0.2
0.15
0.17
0.12
0.13
0.25
0.11
0.16
0.21
0.1
0.21
0.14
0.17
0.09
0.09
0.28
0.1
0.11
0.24
0.11
0.16
0.15
0.11
0.11
0.18
0.11
0.18
0.14
0.22
0.14
0.24
0.14
0.1
0.14
0.22
0.15
0.09
0.07
0.12
0.14
0.16
0.14
0.21
0.17
0.12
0.3
0.16
0.11
0.12
0.11
0.22
0.19
0.06
0.22
0.09
0.12
0.15
0.11
0.12
0.15
0.06
0.2
0.1
0.1
0.15
0.09
0.08
0.2
0.14
0.16
0.28
0.07
0.11
0.12
0.08
0.15
0.11
0.24
0.13
0.14
0.1
0.19
0.16
0.16
0.06
0.23
0.13
0.15
0.12
0.15
0.19
0.05
0.11
0.22
0.29
0.19
0.09
0.06
0.15
0.13
0.14
0.11
0.2
0.15
0.18
0.2
0.21
0.22
0.11
0.24
0.17
0.11
0.13
0.14
0.18
0.17
0.08
0.11
0.13
0.09
0.25
0.27
0.14
0.11
0.07
0.17
0.23
0.19
0.16
0.24
0.27
0.2
0.04
0.16
0.16
0.18
0.19
0.18
0.06
0.15
0.21
0.17
0.19
0.18
0.18
0.08
0.1
0.16
0.11
0.14
0.18
0.11
0.12
0.17
0.2
0.14
0.22
0.07
0.1
0.23
0.2
0.05
0.12
0.24
0.12
0.18
0.12
0.05
0.14
0.05
0.12
0.18
0.11
0.09
0.12
0.1
0.05
0.1
0.17
0.15
0.1
0.09
0.12
0.2
0.16
0.11
0.11
0.13
0.22
0.11
0.13
0.22
0.11
0.08
0.07
0.15
0.12
0.21
0.12
0.18
0.05
0.08
0.14
0.19
0.17
0.12
0.25
0.11
0.07
0.06
0.22
0.14
0.14
0.13
0.07
0.16
0.14
0.01
0.08
0.25
0.12
0.17
0.12
0.14
0.05
0.17
0.12
0.13
0.17
0.16
0.13
0.11
0.16
0.18
0.18
0.18
0.1
0.11
0.1
0.1
0.13
0.21
0.19
0.08
0.26
0.22
0.13
0.17
0.19
0.11
0.18
0.12
0.2
0.18
0.14
0.34
0.18
0.1
0.08
0.11
0.13
0.07
0.11
0.17
0.21
0.17
0.08
0.08
0.14
0.17
0.08
0.15
0.15
0.21
0.12
0.05
0.26
0.16
0.1
0.14
0.09
0.1
0.11
0.16
0.14
0.11
0.1
0.11
0.14
0.15
0.17
0.2
0.16
0.12
0.25
0.13
0.15
0.13
0.12
0.18
0.18
0.14
0.11
0.22
0.05
0.07
0.1
0.08
0.2
0.06
0.2
0.23
0.22
0.07
0.18
0.11
0.09
0.07
0.15
0.11
0.11
0.14
0.08
0.02
0.2
0.21
0.14
0.12
0.19
0.05
0.09
0.24
0.25
0.13
0.16
0.26
0.11
0.21
0.11
0.14
0.12
0.11
0.19
0.15
0.1
0.21
0.04
0.11
0.21
0.14
0.07
0.2
0.17
0.09
0.09
0.09
0.18
0.05
0.23
0.11
0.09
0.21
0.14
0.2
0.06
0.2
0.18
0.11
0.09
0.11
0.06
0.08
0.08
0.11
0.09
0.12
0.08
0.21
0.12
0.11
0.14
0.13
0.12
0.09
0.18
0.2
0.08
0.2
0.26
0.12
0.1
0.13
0.14
0.17
0.07
0.13
0.12
0.14
0.11
0.15
0.23
0.16
0.09
0.06
0.15
0.16
0.17
0.1
0.12
0.16
0.08
0.13
0.11
0.09
0.08
0.09
0.07
0.14
0.08
0.15
0.15
0.19
0.23
0.07
0.16
0.04
0.2
0.13
0.07
0.07
0.17
0.14
0.21
0.21
0.09
0.13
0.14
0.1
0.06
0.14
0.11
0.19
0.16
0.16
0.06
0.12
0.2
0.18
0.18
0.18
0.09
0.12
0.15
0.04
0.14
0.16
0.17
0.06
0.11
0.12
0.08
0.1
0.1
0.22
0.2
0.3
0.22
0.13
0.12
0.16
0.1
0.14
0.09
0.11
0.24
0.11
0.09
0.14
0.17
0.14
0.15
0.08
0.11
0.1
0.08
0.17
0.14
0.1
0.12
0.08
0.1
0.17
0.08
0.12
0.07
0.18
0.21
0.09
0.2
0.05
0.14
0.25
0.07
0.15
0.11
0.15
0.17
0.05
0.09
0.17
0.14
0.02
0.01
0.03
0.12
0.16
0.15
0.05
0.07
0.12
0.05
0.22
0.11
0.2
0.12
0.09
0.16
0.18
0.16
0.11
0.16
0.06
0.09
0.2
0.08
0.25
0.03
0.09
0.02
0.12
0.17
0.01
0.13
0.12
0.04
0.08
0.08
0.07
0.1
0.1
0.16
0.16
0.16
0.1
0.12
0.11
0.13
0.17
0.2
0.08
0.2
0.15
0.19
0.16
0.09
0.13
0.14
0.11
0.1
0.12
0.12
0.08
0.12
0.22
0.1
0.18
0.07
0.1
0.15
0.14
0.13
0.06
0.2
0.14
0.2
0.08
0.21
0.05
0.08
0.11
0.18
0.16
0.19
0.11
0.03
0.08
0.15
0.2
0.11
0.09
0.04
0.11

5.3
6.323076923076923
5.265822784810126
1.0
4.666666666666667
7.0256410256410255
5.605633802816901
4.897435897435898
1.0
4.987012987012987
4.625
5.929577464788732
5.097560975609756
5.602941176470588
4.571428571428571
6.733333333333333
5.5
6.016666666666667
6.413793103448276
6.25
6.333333333333333
5.0
4.9
5.511627906976744
6.434782608695652
5.844444444444444
6.403846153846154
6.288461538461538
6.9743589743589745
6.490909090909091
4.526315789473684
6.148148148148148
5.671428571428572
6.585365853658536
5.894736842105263
6.7555555555555555
6.854166666666667
4.944444444444445
6.282051282051282
4.321428571428571
6.684210526315789
6.388888888888889
6.346153846153846
7.090909090909091
4.907407407407407
5.264705882352941
7.222222222222222
4.391304347826087
7.609756097560975
6.145833333333333
5.5
5.666666666666667
5.5675675675675675
7.171428571428572
6.0
8.16
6.942857142857143
7.7272727272727275
6.4772727272727275
6.333333333333333
7.6
6.25
5.238095238095238
7.291666666666667
5.815789473684211
6.067796610169491
7.230769230769231
6.666666666666667
7.404761904761905
6.46875
6.291666666666667
6.6923076923076925
6.457142857142857
5.153846153846154
7.486486486486487
6.387096774193548
7.48
5.526315789473684
7.428571428571429
3.8095238095238093
7.32258064516129
5.525
6.407407407407407
8.0
6.870967741935484
5.15625
6.217391304347826
4.451612903225806
6.2
6.875
7.16
7.304347826086956
5.136363636363637
4.555555555555555
5.405405405405405
6.260869565217392
6.895833333333333
5.511111111111111
6.555555555555555
7.321428571428571
4.653846153846154
5.9393939393939394
7.571428571428571
7.166666666666667
7.371428571428571
6.863636363636363
6.583333333333333
6.2
6.615384615384615
4.2631578947368425
7.45
6.235294117647059
6.516129032258065
6.16
4.212121212121212
5.621621621621622
6.944444444444445
4.973684210526316
7.340425531914893
6.92
6.962962962962963
5.513513513513513
5.733333333333333
5.92
7.212121212121212
4.2592592592592595
6.903225806451613
5.68
3.586206896551724
7.32258064516129
7.892857142857143
6.333333333333333
5.027777777777778
7.421052631578948
7.375
7.7894736842105265
5.147058823529412
6.7368421052631575
6.878787878787879
7.375
6.133333333333334
6.384615384615385
7.074074074074074
6.888888888888889
6.666666666666667
6.291666666666667
5.178571428571429
6.933333333333334
6.137931034482759
7.444444444444445
6.0588235294117645
7.357142857142857
6.678571428571429
6.590909090909091
6.0
6.413793103448276
6.041666666666667
4.631578947368421
6.571428571428571
7.142857142857143
6.714285714285714
7.392857142857143
4.805555555555555
6.0
7.125
6.222222222222222
7.24
6.555555555555555
6.162162162162162
6.416666666666667
8.5625
8.115384615384615
5.066666666666666
6.916666666666667
7.642857142857143
8.222222222222221
4.741935483870968
7.0
6.269230769230769
7.266666666666667
7.064516129032258
9.0
7.291666666666667
7.541666666666667
7.125
7.6521739130434785
6.363636363636363
6.363636363636363
7.4
6.458333333333333
5.419354838709677
7.703703703703703
7.541666666666667
6.470588235294118
4.08
6.517241379310345
6.814814814814815
6.2727272727272725
7.3
5.821428571428571
6.483870967741935
7.055555555555555
7.105263157894737
7.142857142857143
5.08
7.518518518518518
7.318181818181818
7.181818181818182
6.888888888888889
3.6666666666666665
4.366666666666666
6.0
6.857142857142857
3.96
5.5
7.0
6.884615384615385
7.090909090909091
7.2
6.7894736842105265
7.269230769230769
6.9
8.5
4.04
6.40625
5.791666666666667
6.0588235294117645
6.954545454545454
5.916666666666667
6.0
6.55
5.0
5.619047619047619
6.090909090909091
7.6521739130434785
7.352941176470588
7.541666666666667
5.625
7.142857142857143
7.333333333333333
7.947368421052632
7.888888888888889
7.4
7.2105263157894735
5.911764705882353
6.9411764705882355
6.5
6.2727272727272725
5.647058823529412
7.833333333333333
8.0
6.333333333333333
7.476190476190476
3.9166666666666665
7.5
6.666666666666667
7.0
6.685714285714286
7.681818181818182
6.65
6.172413793103448
9.117647058823529
8.058823529411764
5.961538461538462
5.696969696969697
4.892857142857143
5.125
6.529411764705882
7.388888888888889
7.470588235294118
6.714285714285714
5.875
6.826086956521739
6.107142857142857
6.0
7.214285714285714
7.2631578947368425
6.090909090909091
3.6363636363636362
5.823529411764706
6.5625
6.875
6.318181818181818
7.117647058823529
6.5625
6.695652173913044
7.166666666666667
3.2222222222222223
4.533333333333333
6.857142857142857
8.4
4.7272727272727275
6.923076923076923
4.157894736842105
7.3
5.866666666666666
6.884615384615385
6.769230769230769
6.761904761904762
7.130434782608695
5.555555555555555
6.2
4.526315789473684
7.5
5.32
5.454545454545454
7.4
7.565217391304348
4.041666666666667
7.2631578947368425
8.3
7.176470588235294
7.842105263157895
7.25
7.483870967741935
6.875
8.588235294117647
7.083333333333333
7.166666666666667
7.25
5.142857142857143
7.25
6.407407407407407
4.913043478260869
7.6
8.75
6.666666666666667
7.862068965517241
9.470588235294118
7.166666666666667
5.866666666666666
5.647058823529412
7.461538461538462
6.947368421052632
7.933333333333334
7.055555555555555
7.411764705882353
6.9375
8.785714285714286
7.631578947368421
4.482758620689655
7.625
9.0
6.166666666666667
6.2727272727272725
5.0
6.388888888888889
5.095238095238095
9.285714285714286
7.571428571428571
7.285714285714286
8.0
8.142857142857142
6.285714285714286
5.384615384615385
6.933333333333334
6.5
7.090909090909091
6.833333333333333
6.444444444444445
5.222222222222222
6.25
8.166666666666666
6.666666666666667
6.111111111111111
7.136363636363637
7.071428571428571
7.2
7.363636363636363
7.684210526315789
6.333333333333333
6.857142857142857
8.875
6.363636363636363
7.222222222222222
3.2222222222222223
7.5
4.444444444444445
7.916666666666667
7.1875
8.608695652173912
5.7368421052631575
7.153846153846154
7.578947368421052
4.111111111111111
4.0625
7.066666666666666
7.75
7.526315789473684
6.875
7.5
6.695652173913044
7.6923076923076925
5.578947368421052
6.25
4.777777777777778
6.25
6.15
5.0
6.066666666666666
6.588235294117647
8.25
3.076923076923077
6.76
6.545454545454546
8.1875
3.857142857142857
6.5
6.714285714285714
7.142857142857143
6.0
7.666666666666667
8.333333333333334
4.214285714285714
7.1
7.909090909090909
7.083333333333333
8.909090909090908
4.0
8.0
6.7272727272727275
8.909090909090908
6.055555555555555
7.363636363636363
6.944444444444445
7.214285714285714
7.136363636363637
7.428571428571429
7.916666666666667
8.0
7.5
4.214285714285714
5.136363636363637
6.133333333333334
8.666666666666666
6.0
6.083333333333333
6.142857142857143
8.375
7.642857142857143
7.238095238095238
5.764705882352941
6.416666666666667
4.733333333333333
6.4375
7.363636363636363
6.583333333333333
7.090909090909091
6.136363636363637
7.315789473684211
6.833333333333333
6.7727272727272725
6.444444444444445
7.416666666666667
6.466666666666667
5.7272727272727275
6.416666666666667
3.8
7.666666666666667
6.3
9.3
9.2
7.4
7.222222222222222
7.25
7.9
8.928571428571429
8.1875
4.428571428571429
5.142857142857143
6.909090909090909
5.416666666666667
7.5
6.6
5.181818181818182
5.166666666666667
6.230769230769231
5.571428571428571
6.9
6.684210526315789
8.875
8.625
9.166666666666666
6.304347826086956
8.384615384615385
7.4
6.916666666666667
8.133333333333333
7.052631578947368
8.8
7.909090909090909
6.2272727272727275
4.551724137931035
7.631578947368421
7.222222222222222
7.666666666666667
7.066666666666666
7.3076923076923075
6.428571428571429
7.2727272727272725
4.8
5.266666666666667
7.277777777777778
6.0
6.666666666666667
7.5
7.818181818181818
4.791666666666667
6.823529411764706
7.0
6.384615384615385
6.857142857142857
6.5
6.411764705882353
8.25
6.7272727272727275
7.3076923076923075
6.333333333333333
5.32
6.851851851851852
7.5
7.545454545454546
7.142857142857143
6.705882352941177
6.869565217391305
4.631578947368421
8.5625
6.541666666666667
4.481481481481482
7.4
6.75
6.375
8.6875
6.388888888888889
7.684210526315789
7.166666666666667
6.166666666666667
7.733333333333333
7.095238095238095
5.411764705882353
5.105263157894737
8.38888888888889
7.111111111111111
6.625
6.7
8.4375
7.454545454545454
7.0
6.944444444444445
7.090909090909091
5.75
3.176470588235294
6.3
5.285714285714286
6.045454545454546
6.714285714285714
7.9
7.521739130434782
6.1
8.4
7.083333333333333
5.083333333333333
6.833333333333333
6.5
6.5
8.0
6.428571428571429
9.8
6.583333333333333
4.333333333333333
6.454545454545454
7.333333333333333
7.25
8.5
5.6
7.6
7.588235294117647
5.333333333333333
9.1
8.0
5.333333333333333
6.1
7.75
7.2727272727272725
6.454545454545454
8.0
6.818181818181818
5.454545454545454
7.3076923076923075
6.7727272727272725
7.7272727272727275
6.125
6.285714285714286
6.733333333333333
9.0
2.857142857142857
6.916666666666667
7.277777777777778
7.8
8.0
9.285714285714286
6.578947368421052
6.588235294117647
5.833333333333333
6.2
7.545454545454546
7.0
6.166666666666667
8.227272727272727
6.714285714285714
7.357142857142857
6.230769230769231
7.714285714285714
5.875
7.142857142857143
5.0
6.125
5.56
8.083333333333334
8.588235294117647
7.0
3.7142857142857144
7.8
6.352941176470588
7.25
6.769230769230769
7.352941176470588
7.0
5.923076923076923
9.272727272727273
6.75
5.611111111111111
8.277777777777779
7.5
6.7
8.0
9.0
7.8
9.384615384615385
6.0
6.368421052631579
2.0
5.115384615384615
7.590909090909091
6.461538461538462
2.764705882352941
4.7894736842105265
5.818181818181818
7.833333333333333
6.166666666666667
5.5
8.222222222222221
8.0
4.235294117647059
3.8333333333333335
6.6
6.5
6.2727272727272725
4.846153846153846
6.285714285714286
7.454545454545454
6.352941176470588
5.428571428571429
9.117647058823529
6.75
6.875
6.642857142857143
4.411764705882353
6.25
6.933333333333334
7.066666666666666
6.761904761904762
7.0
7.6
4.461538461538462
8.0625
6.9
7.642857142857143
5.777777777777778
6.7
7.909090909090909
7.125
6.857142857142857
7.636363636363637
9.1
7.818181818181818
6.928571428571429
7.333333333333333
7.294117647058823
6.9
8.125
8.75
7.36
7.076923076923077
8.133333333333333
8.23076923076923
8.833333333333334
8.055555555555555
5.611111111111111
7.928571428571429
6.909090909090909
7.636363636363637
7.6
8.285714285714286
8.6
5.125
7.35
5.0
5.7
7.130434782608695
6.545454545454546
8.714285714285714
7.222222222222222
8.0
7.777777777777778
7.428571428571429
6.866666666666666
8.090909090909092
8.363636363636363
8.0
7.875
9.5
6.15
6.666666666666667
7.071428571428571
6.666666666666667
5.631578947368421
6.2
5.0
5.208333333333333
5.88
7.3076923076923075
7.375
6.576923076923077
5.636363636363637
5.761904761904762
5.454545454545454
7.428571428571429
7.833333333333333
7.181818181818182
5.052631578947368
5.933333333333334
9.9
6.523809523809524
7.0
6.545454545454546
3.2857142857142856
7.214285714285714
5.857142857142857
5.6
9.294117647058824
5.0
6.444444444444445
5.222222222222222
7.0
10.0
6.434782608695652
7.363636363636363
8.777777777777779
3.1904761904761907
5.928571428571429
7.6
8.0
6.5
7.888888888888889
6.545454545454546
9.88888888888889
7.2727272727272725
7.166666666666667
8.875
8.625
7.7272727272727275
7.444444444444445
8.333333333333334
7.75
4.428571428571429
8.583333333333334
8.636363636363637
6.0
6.384615384615385
8.166666666666666
7.555555555555555
8.555555555555555
8.95
9.5
7.5
5.653846153846154
6.833333333333333
8.3
9.692307692307692
7.642857142857143
6.411764705882353
8.428571428571429
7.076923076923077
8.833333333333334
3.5
9.0
6.933333333333334
5.130434782608695
6.4375
7.555555555555555
8.166666666666666
6.6
3.6875
4.764705882352941
8.8
5.5
7.125
8.375
8.538461538461538
7.2727272727272725
7.0
6.875
8.555555555555555
7.571428571428571
7.571428571428571
7.0
8.266666666666667
7.466666666666667
6.842105263157895
7.826086956521739
7.0
7.3125
6.75
7.25
6.0
7.285714285714286
5.428571428571429
6.647058823529412
5.285714285714286
7.333333333333333
3.7142857142857144
8.0
6.769230769230769
4.785714285714286
6.9
6.833333333333333
7.214285714285714
8.636363636363637
6.947368421052632
7.5
6.125
8.0
8.166666666666666
4.6
8.38888888888889
5.611111111111111
3.6666666666666665
7.333333333333333
8.083333333333334
5.0
6.5
7.142857142857143
4.375
5.882352941176471
6.333333333333333
5.2727272727272725
6.583333333333333
7.25
9.2
7.2
8.272727272727273
6.75
5.366666666666666
7.2727272727272725
6.3076923076923075
6.0
6.875
8.6
7.357142857142857
7.777777777777778
7.7272727272727275
7.416666666666667
7.454545454545454
7.555555555555555
7.642857142857143
3.764705882352941
7.928571428571429
7.466666666666667
8.125
8.727272727272727
6.7
5.5
7.470588235294118
3.7142857142857144
6.3
6.083333333333333
7.75
8.2
6.235294117647059
7.375
6.583333333333333
7.142857142857143
3.0555555555555554
5.380952380952381
7.444444444444445
6.8
7.6
6.142857142857143
6.88
5.714285714285714
6.6
8.181818181818182
7.333333333333333
6.647058823529412
5.4
8.555555555555555
6.529411764705882
6.428571428571429
7.5
6.0
6.333333333333333
5.666666666666667
8.125
6.866666666666666
7.6
8.428571428571429
7.083333333333333
8.0
6.181818181818182
8.0
5.55
5.5
6.777777777777778
4.4375
6.611111111111111
7.3125
3.272727272727273
6.5625
7.0
7.888888888888889
2.7
7.5
6.2
9.0
7.0
5.5
6.0
4.823529411764706
7.0
6.384615384615385
6.166666666666667
8.25
6.875
6.375
7.285714285714286
9.1
8.5
6.0
7.4375
5.0
8.0
6.916666666666667
7.636363636363637
6.153846153846154
6.235294117647059
6.25
8.75
2.95
7.466666666666667
7.842105263157895
8.0625
8.0
5.846153846153846
7.428571428571429
6.818181818181818
6.9
6.5
7.916666666666667
6.375
6.666666666666667
6.545454545454546
7.3
5.777777777777778
8.0
8.3
7.133333333333334
6.5
6.846153846153846
8.166666666666666
6.1
7.357142857142857
6.15
6.5
5.857142857142857
10.0
8.875
7.090909090909091
7.222222222222222
7.375
5.0
5.909090909090909
6.333333333333333
6.375
7.333333333333333
3.55
9.454545454545455
6.777777777777778
7.75
8.272727272727273
