1.0
1.0
1.0
1.0
1.0
0.96
1.0
0.93
1.0
1.0
1.0
1.0
1.0
1.0
0.99
0.98
1.0
1.0
1.0
1.0
1.0
1.0
0.99
0.99
1.0
1.0
1.0
1.0
0.96
1.0
0.9
0.99
1.0
1.0
0.99
0.99
1.0
0.96
0.94
0.88
1.0
1.0
0.91
1.0
1.0
1.0
0.93
0.97
1.0
1.0
1.0
1.0
0.99
1.0
1.0
0.98
0.96
1.0
1.0
0.97
0.92
0.99
1.0
0.95
1.0
1.0
0.87
1.0
0.99
0.95
0.95
0.98
0.95
1.0
1.0
0.98
0.98
0.97
0.96
0.94
0.97
1.0
0.95
0.75
1.0
0.99
0.96
0.96
0.89
1.0
0.98
0.96
0.99
0.75
0.97
0.95
0.99
1.0
0.98
0.99
0.73
0.96
0.98
0.85
1.0
0.86
0.98
0.98
1.0
0.79
0.92
0.83
1.0
0.97
0.86
0.96
1.0
0.99
1.0
0.94
0.95
0.96
0.96
0.94
1.0
0.99
0.92
0.92
0.91
0.98
0.96
0.79
0.99
0.9
0.75
0.84
0.96
1.0
1.0
0.99
0.99
0.95
0.98
0.93
0.99
0.92
0.94
0.85
0.99
0.92
0.93
0.91
0.98
0.96
0.79
0.99
0.95
0.93
0.99
0.91
0.9
0.97
0.89
0.86
0.98
0.84
0.96
0.87
0.99
0.83
0.87
0.96
0.87
0.89
0.88
0.94
0.94
0.94
0.96
0.72
0.93
0.82
0.83
0.81
1.0
0.99
0.83
0.83
0.96
0.87
0.94
0.93
0.9
0.96
0.91
0.97
0.92
0.93
0.85
0.78
0.95
0.99
0.98
0.9
0.96
0.92
0.83
0.96
0.96
0.87
0.94
0.73
0.84
0.83
0.8
0.73
0.9
0.95
0.88
0.81
0.87
0.89
0.85
0.84
0.93
0.92
0.89
0.81
0.85
0.97
0.94
0.81
0.92
0.78
0.99
0.96
0.99
0.97
0.92
0.9
0.96
0.93
0.73
0.86
0.97
0.9
0.94
0.86
0.84
0.93
0.92
0.89
0.88
0.84
0.7
0.8
0.89
0.94
0.94
0.85
0.98
0.93
0.9
0.94
1.0
0.81
0.9
0.73
0.83
0.89
0.8
0.94
0.98
0.86
0.76
0.9
0.79
0.81
0.88
0.83
0.88
0.88
0.82
0.81
0.85
0.85
0.78
0.74
0.86
0.81
0.88
0.81
0.97
0.96
0.91
0.81
0.99
0.85
0.95
0.86
0.87
0.79
0.83
0.81
0.97
0.95
0.96
0.86
0.72
0.89
0.72
0.92
0.92
0.93
0.99
0.95
0.89
0.79
0.75
0.92
0.93
0.78
0.89
0.88
0.99
0.89
0.88
0.9
0.84
0.94
0.92
0.92
0.96
0.92
0.78
0.9
0.82
0.86
0.94
0.83
0.96
0.93
0.76
0.82
0.92
0.9
0.8
0.9
0.79
0.88
0.71
0.84
0.74
0.79
0.88
0.75
0.78
0.81
0.87
0.81
0.91
0.76
0.85
0.81
0.76
0.78
0.78
0.67
0.8
0.95
0.85
0.75
0.77
0.86
0.72
0.88
0.89
0.85
0.85
0.85
0.85
0.78
0.68
0.84
0.92
0.88
0.73
0.76
0.81
0.8
0.89
0.76
0.88
0.88
0.89
0.77
0.8
0.75
0.9
0.74
0.81
0.72
0.81
0.92
0.88
0.87
0.77
0.85
0.93
0.87
0.85
0.83
0.73
0.86
0.72
0.9
0.88
0.75
0.82
0.82
0.81
0.76
0.81
0.88
0.87
0.95
0.9
0.78
0.88
0.83
0.78
0.83
0.81
0.77
0.75
0.76
0.76
0.68
0.87
0.76
0.97
0.89
0.7
0.84
0.67
0.83
0.66
0.75
0.84
0.83
0.82
0.94
0.91
0.76
0.76
0.9
0.79
0.82
0.83
0.73
0.89
0.8
0.9
0.74
0.79
0.77
0.91
0.85
0.86
0.8
0.79
0.84
0.75
0.83
0.69
0.92
0.81
0.8
0.67
0.81
0.92
0.78
0.79
0.94
0.78
0.82
0.74
0.89
0.85
0.83
0.78
0.95
0.9
0.92
0.76
0.71
0.93
0.73
0.76
0.75
0.8
0.83
0.87
0.83
0.82
0.67
0.83
0.84
0.72
0.76
0.79
0.91
0.86
0.75
0.77
0.88
0.81
0.83
0.75
0.8
0.74
0.79
0.68
0.77
0.75
0.78
0.9
0.78
0.82
0.91
0.79
0.87
0.79
0.81
0.83
0.73
0.7
0.89
0.97
0.87
0.77
0.76
0.84
0.72
0.83
0.77
0.62
0.68
0.91
0.89
0.81
0.76
0.72
0.81
0.82
0.86
0.86
0.85
0.68
0.85
0.76
0.79
0.71
0.78
0.75
0.84
0.69
0.84
0.83
0.77
0.68
0.82
0.81
0.67
0.78
0.84
0.86
0.7
0.79
0.72
0.85
0.86
0.86
0.83
0.68
0.61
0.86
0.82
0.84
0.8
0.79
0.65
0.81
0.81
0.66
0.79
0.82
0.66
0.74
0.65
0.86
0.78
0.79
0.81
0.82
0.75
0.76
0.66
0.86
0.87
0.74
0.79
0.75
0.74
0.65
0.78
0.83
0.84
0.69
0.83
0.78
0.79
0.81
0.67
0.84
0.74
0.72
0.79
0.76
0.86
0.88
0.72
0.81
0.85
0.72
0.84
0.62
0.69
0.78
0.77
0.67
0.79
0.77
0.84
0.86
0.79
0.75
0.78
0.81
0.81
0.83
0.69
0.74
0.86
0.69
0.69
0.8
0.85
0.69
0.79
0.82
0.76
0.84
0.7
0.81
0.74
0.82
0.65
0.77
0.74
0.72
0.82
0.67
0.73
0.73
0.85
0.73
0.7
0.78
0.77
0.66
0.83
0.68
0.76
0.79
0.62
0.68
0.76
0.89
0.7
0.77
0.81
0.84
0.84
0.82
0.74
0.79
0.69
0.87
0.77
0.84
0.89
0.69
0.75
0.66
0.73
0.91
0.77
0.85
0.86
0.88
0.67
0.77
0.73
0.8
0.77
0.74
0.74
0.76
0.73
0.75
0.75
0.82
0.76
0.76
0.8
0.74
0.72
0.74
0.77
0.71
0.85
0.88
0.71
0.72
0.7
0.77
0.76
0.78
0.76
0.81
0.77
0.63
0.74
0.66
0.82
0.65
0.7
0.7
0.74
0.78
0.73
0.75
0.74
0.73
0.64
0.86
0.72
0.76
0.71
0.82
0.64
0.78
0.79
0.84
0.65
0.69
0.78
0.76
0.64
0.66
0.74
0.73
0.89
0.81
0.78
0.86
0.76
0.71
0.86
0.77
0.7
0.84
0.65
0.76
0.69
0.71
0.75
0.63
0.72
0.72
0.79
0.82
0.65
0.67
0.76
0.86
0.75
0.7
0.71
0.81
0.68
0.77
0.73
0.7
0.78
0.76
0.75
0.87
0.73
0.77
0.7
0.71
0.68
0.63
0.71
0.83
0.78
0.72
0.78
0.72
0.76
0.82
0.67
0.81
0.75
0.72
0.75
0.76
0.75
0.82
0.78
0.64
0.75
0.66
0.68
0.72
0.73
0.69
0.67
0.81
0.84
0.62
0.79
0.69
0.72
0.67
0.68
0.69
0.77
0.8
0.77
0.69
0.77
0.63
0.75
0.76
0.72
0.75
0.79
0.6
0.69
0.77
0.74
0.78
0.74
0.75
0.81
0.73
0.71
0.72
0.67
0.71
0.65
0.68
0.76
0.77
0.75
0.72
0.75
0.74
0.74
0.67
0.79
0.71
0.77
0.72
0.73
0.8
0.79
0.74
0.79
0.68
0.73
0.71
0.7
0.83
0.73
0.7
0.78
0.74
0.67
0.78
0.65
0.71
0.71
0.66
0.65
0.69
0.65
0.67
0.66
0.66
0.79
0.72
0.73
0.71
0.69
0.74
0.69
0.71
0.79
0.7
0.71
0.73
0.66
0.8
0.79
0.72
0.7
0.71
0.7
0.75
0.83
0.53
0.75
0.79
0.7
0.73
0.71
0.7
0.68
0.7
0.69
0.73
0.69
0.62
0.78
0.7
0.74
0.69
0.61
0.72
0.72
0.68
0.72
0.73
0.65
0.7
0.75
0.83
0.77
0.67
0.7
0.59
0.65
0.64
0.74
0.72
0.69
0.67
0.66
0.71
0.73
0.7
0.61
0.79
0.72
0.77
0.64
0.72
0.65
0.7
0.69
0.75
0.59
0.66
0.68
0.75
0.76
0.77
0.8
0.72
0.72
0.76
0.83
0.74
0.78
0.57
0.71

2.87
3.53
2.81
1.0
2.79
4.010416666666667
2.93
3.3870967741935485
1.0
2.72
2.81
3.29
2.89
2.77
3.111111111111111
4.163265306122449
3.01
3.59
3.57
3.59
4.08
3.47
3.303030303030303
3.676767676767677
3.96
3.13
3.66
3.89
4.052083333333333
3.74
4.166666666666667
3.919191919191919
3.26
3.87
3.676767676767677
4.01010101010101
3.6
3.5833333333333335
4.148936170212766
3.5454545454545454
3.69
3.56
3.967032967032967
4.14
3.14
3.28
4.139784946236559
3.3917525773195876
3.92
3.76
3.77
3.08
3.727272727272727
4.16
3.27
4.826530612244898
4.3125
4.28
3.77
3.9690721649484537
4.206521739130435
3.242424242424242
3.69
4.536842105263158
3.92
2.89
4.712643678160919
3.84
3.8282828282828283
4.389473684210526
4.273684210526316
4.13265306122449
4.231578947368421
3.06
3.76
4.040816326530612
4.26530612244898
3.3917525773195876
4.541666666666667
3.3085106382978724
4.412371134020619
3.22
4.157894736842105
4.68
4.23
3.7676767676767677
4.177083333333333
3.34375
4.292134831460674
3.93
4.357142857142857
4.354166666666667
3.5454545454545454
3.64
3.917525773195876
4.189473684210526
3.9797979797979797
3.36
3.979591836734694
3.808080808080808
3.356164383561644
4.104166666666667
4.326530612244898
4.5058823529411764
4.48
3.8488372093023258
3.7755102040816326
3.6530612244897958
3.71
3.3037974683544302
4.434782608695652
4.542168674698795
4.0
4.371134020618556
3.5697674418604652
3.40625
4.08
3.090909090909091
4.1
3.595744680851064
4.031578947368421
3.6041666666666665
4.239583333333333
3.797872340425532
4.23
3.6565656565656566
4.271739130434782
4.282608695652174
3.032967032967033
4.1938775510204085
4.666666666666667
4.113924050632911
3.515151515151515
4.644444444444445
4.826666666666667
4.5
3.6145833333333335
3.81
4.24
4.202020202020202
4.252525252525253
4.273684210526316
4.224489795918367
4.462365591397849
4.2727272727272725
4.206521739130435
3.723404255319149
4.329411764705882
4.111111111111111
4.130434782608695
4.225806451612903
4.593406593406593
4.3061224489795915
4.302083333333333
4.113924050632911
4.282828282828283
4.126315789473685
4.021505376344086
4.111111111111111
4.0989010989010985
4.588888888888889
4.216494845360825
3.337078651685393
4.755813953488372
4.346938775510204
4.321428571428571
4.270833333333333
4.67816091954023
4.333333333333333
4.373493975903615
4.551724137931035
4.5
3.942528735632184
4.808988764044944
4.545454545454546
4.574468085106383
3.904255319148936
4.51063829787234
3.9166666666666665
4.388888888888889
4.053763440860215
4.548780487804878
5.0
4.555555555555555
4.17
4.232323232323233
4.855421686746988
4.783132530120482
4.520833333333333
4.206896551724138
4.361702127659575
4.795698924731183
4.7
4.604166666666667
3.4285714285714284
4.092783505154639
4.3478260869565215
4.150537634408602
5.011764705882353
3.948717948717949
4.294736842105263
4.373737373737374
4.377551020408164
4.4222222222222225
4.166666666666667
4.815217391304348
4.024096385542169
4.177083333333333
4.28125
3.3448275862068964
3.1702127659574466
4.287671232876712
4.166666666666667
3.3132530120481927
4.3875
4.712328767123288
4.4222222222222225
4.178947368421053
5.034090909090909
4.506172839506172
4.344827586206897
4.797752808988764
4.91764705882353
3.9166666666666665
4.193548387096774
4.239130434782608
4.022471910112359
4.197530864197531
4.882352941176471
4.34020618556701
4.25531914893617
3.580246913580247
3.2934782608695654
4.512820512820513
4.7272727272727275
4.520833333333333
4.2727272727272725
4.134020618556701
4.239130434782608
4.7
4.583333333333333
4.666666666666667
5.027397260273973
4.813953488372093
3.9278350515463916
4.877777777777778
4.51063829787234
4.186046511627907
4.226190476190476
4.666666666666667
5.065217391304348
4.258426966292135
4.386363636363637
3.630952380952381
4.828571428571428
4.7375
5.089887640449438
3.4361702127659575
4.542553191489362
4.447058823529412
4.5
4.860215053763441
4.288888888888889
4.297872340425532
3.49
3.345679012345679
4.111111111111111
4.493150684931507
4.397590361445783
4.741573033707865
4.5875
4.680851063829787
4.438775510204081
4.186046511627907
4.5131578947368425
4.511111111111111
4.69620253164557
4.222222222222222
3.5454545454545454
4.096385542168675
4.795454545454546
4.2272727272727275
4.487804878048781
4.617283950617284
4.364705882352941
4.3882352941176475
4.17948717948718
3.9054054054054053
4.058139534883721
5.172839506172839
4.863636363636363
3.962962962962963
4.608247422680412
3.6354166666666665
4.604395604395604
4.271604938271605
4.585858585858586
4.811764705882353
4.473684210526316
4.8023255813953485
3.8045977011494254
4.075949367088608
3.746987951807229
4.6419753086419755
3.8556701030927836
4.136842105263158
4.489583333333333
4.290697674418604
3.7222222222222223
4.46067415730337
4.986111111111111
4.717391304347826
4.304347826086956
4.720430107526882
4.171717171717172
4.631578947368421
4.640449438202247
5.151898734177215
4.906666666666666
4.576086956521739
4.064516129032258
4.846153846153846
4.393258426966292
3.909090909090909
4.393939393939394
4.719101123595506
4.613636363636363
4.111111111111111
4.761904761904762
4.319148936170213
4.543478260869565
4.315217391304348
4.375
4.9021739130434785
4.756410256410256
4.477777777777778
4.597560975609756
3.7906976744186047
5.0
4.710843373493976
3.8229166666666665
5.096774193548387
4.868421052631579
4.378048780487805
4.489130434782608
3.922222222222222
4.3125
4.122222222222222
4.772151898734177
4.8522727272727275
4.647887323943662
4.571428571428571
4.337837837837838
4.582278481012659
4.090909090909091
4.88
5.205128205128205
4.691358024691358
5.448275862068965
4.7407407407407405
3.3956043956043955
5.026315789473684
4.8352941176470585
4.802469135802469
4.842105263157895
4.448717948717949
4.564102564102564
5.686567164179104
4.825
4.905263157894737
4.705882352941177
4.16
4.7272727272727275
4.651162790697675
4.861111111111111
3.3636363636363638
5.179775280898877
4.070588235294117
5.070588235294117
4.964705882352941
4.858823529411764
4.282051282051282
5.0588235294117645
4.571428571428571
3.4565217391304346
3.5113636363636362
4.287671232876712
4.381578947368421
4.407407407407407
4.325
4.46067415730337
4.315789473684211
4.875
3.9545454545454546
4.595505617977528
3.3766233766233764
4.6375
4.466666666666667
3.4444444444444446
4.324324324324325
4.592592592592593
5.055555555555555
3.950617283950617
4.369565217391305
4.7272727272727275
4.413793103448276
3.6493506493506493
4.847058823529411
4.225806451612903
4.862068965517241
4.211764705882353
5.120481927710843
5.178082191780822
3.63953488372093
4.805555555555555
4.688888888888889
4.204545454545454
4.88
3.597560975609756
4.451219512195122
4.8765432098765435
4.894736842105263
3.8641975308641974
4.715909090909091
4.528735632183908
4.947368421052632
4.9
4.756410256410256
4.465909090909091
4.867469879518072
4.961538461538462
3.7349397590361444
3.493827160493827
4.4935064935064934
5.066666666666666
4.828947368421052
4.434210526315789
4.764705882352941
4.908045977011494
4.197368421052632
4.597938144329897
4.438202247191011
4.828571428571428
3.2857142857142856
4.447761194029851
5.072289156626506
5.090909090909091
4.56
4.416666666666667
4.819277108433735
4.963414634146342
4.23404255319149
4.8791208791208796
4.565789473684211
4.578947368421052
4.9
4.291139240506329
3.7804878048780486
5.180722891566265
4.191780821917808
4.584269662921348
5.025
4.533333333333333
5.094594594594595
4.455696202531645
4.883116883116883
4.714285714285714
4.658823529411765
3.7906976744186047
4.975
4.9113924050632916
4.4523809523809526
4.746666666666667
4.746987951807229
4.449275362318841
3.9565217391304346
4.530864197530864
4.3375
4.2835820895522385
4.1234567901234565
4.510869565217392
4.397435897435898
4.860759493670886
4.4361702127659575
4.846153846153846
4.597560975609756
4.945945945945946
4.98876404494382
4.4941176470588236
4.626506024096385
4.871794871794871
4.2
3.388888888888889
4.391304347826087
4.684210526315789
4.845070422535211
4.387096774193548
4.52054794520548
4.934210526315789
4.76
3.2875
3.7349397590361444
4.793103448275862
4.036144578313253
4.280487804878049
4.149253731343284
4.807228915662651
3.869047619047619
4.305555555555555
4.5
4.860759493670886
4.868131868131868
4.1976744186046515
4.96
4.883116883116883
5.0227272727272725
4.654320987654321
4.602409638554217
4.0
4.0
4.621621621621622
5.265822784810126
4.764705882352941
4.467532467532467
4.253333333333333
4.089743589743589
4.766666666666667
4.602564102564102
3.5853658536585367
4.912087912087912
5.227848101265823
4.67816091954023
5.012658227848101
4.45679012345679
4.469879518072289
4.616438356164384
4.542857142857143
4.46067415730337
4.34020618556701
4.425287356321839
3.3896103896103895
4.828947368421052
4.5476190476190474
4.819444444444445
4.783132530120482
4.9480519480519485
4.790322580645161
4.632352941176471
5.142857142857143
4.797752808988764
4.888888888888889
3.5921052631578947
3.9027777777777777
4.604938271604938
4.695121951219512
5.058139534883721
4.709302325581396
4.705882352941177
4.3088235294117645
4.682352941176471
4.2894736842105265
3.7468354430379747
4.47887323943662
4.987179487179487
5.066666666666666
5.119047619047619
4.565217391304348
4.904761904761905
4.710843373493976
3.7142857142857144
4.602941176470588
4.914634146341464
5.037037037037037
5.164179104477612
4.961538461538462
5.380952380952381
4.232558139534884
4.542857142857143
5.025316455696203
4.277777777777778
4.458823529411765
4.906976744186046
5.1395348837209305
5.156626506024097
4.794117647058823
4.852459016393443
4.104651162790698
4.2682926829268295
5.023809523809524
4.025
4.974683544303797
4.461538461538462
4.925925925925926
4.37037037037037
5.424242424242424
3.6835443037974684
5.109756097560975
4.5
4.824324324324325
5.123076923076923
4.6395348837209305
4.756410256410256
4.417721518987341
4.753086419753086
4.012195121951219
4.68
5.144736842105263
5.151515151515151
4.4186046511627906
4.126436781609195
4.675675675675675
4.822784810126582
5.08
4.5675675675675675
4.953846153846154
5.576923076923077
5.457831325301205
4.071428571428571
4.927536231884058
5.036144578313253
4.448717948717949
3.278481012658228
4.506172839506172
4.298507462686567
4.761904761904762
4.5675675675675675
4.861111111111111
4.2784810126582276
4.828947368421052
4.790697674418604
4.590909090909091
3.2083333333333335
4.604938271604938
4.858823529411764
5.111111111111111
4.869047619047619
4.967741935483871
4.753623188405797
5.333333333333333
4.337662337662338
4.791044776119403
3.8227848101265822
3.7012987012987013
4.178571428571429
4.895348837209302
4.063291139240507
3.4
4.371794871794871
5.0246913580246915
4.209876543209877
4.0602409638554215
4.666666666666667
4.824324324324325
3.441860465116279
4.36231884057971
4.608695652173913
4.875
5.0588235294117645
3.681159420289855
4.987341772151899
4.719512195121951
4.605263157894737
4.357142857142857
4.871428571428571
4.9753086419753085
5.364864864864865
4.902439024390244
4.0
4.558441558441558
4.783783783783784
4.263888888888889
4.451219512195122
4.731343283582089
5.205479452054795
3.328767123287671
5.011764705882353
4.739726027397261
4.714285714285714
5.102564102564102
4.766233766233766
5.196969696969697
4.72289156626506
4.514705882352941
5.078947368421052
4.291139240506329
5.048387096774194
5.029411764705882
4.473684210526316
4.921348314606742
3.9857142857142858
4.454545454545454
4.901234567901234
4.190476190476191
4.7976190476190474
4.804878048780488
4.554054054054054
4.810126582278481
4.449275362318841
4.517241379310345
5.12987012987013
4.880952380952381
4.303370786516854
5.27536231884058
4.746666666666667
5.0
5.041095890410959
4.604395604395604
4.87012987012987
4.011764705882353
4.523255813953488
4.5
5.358208955223881
4.662337662337662
4.986301369863014
5.0125
5.428571428571429
5.054054054054054
4.716216216216216
4.631578947368421
4.8493150684931505
5.226666666666667
5.066666666666666
4.219512195121951
4.118421052631579
4.7631578947368425
5.25
4.121621621621622
4.833333333333333
5.027027027027027
3.6103896103896105
4.394366197183099
4.2823529411764705
4.840909090909091
4.380281690140845
4.791666666666667
4.442857142857143
4.142857142857143
4.5131578947368425
4.423076923076923
4.671052631578948
3.8518518518518516
4.415584415584416
5.063492063492063
4.324324324324325
5.5
4.670731707317073
3.4307692307692306
4.714285714285714
4.414285714285715
4.108108108108108
4.987179487179487
4.835616438356165
4.333333333333333
4.364864864864865
4.561643835616438
5.359375
4.453488372093023
5.0
5.052631578947368
3.7183098591549295
4.512195121951219
4.484375
4.833333333333333
4.468354430379747
4.809523809523809
5.2153846153846155
5.188405797101449
5.166666666666667
4.9605263157894735
4.734375
5.242424242424242
5.162162162162162
4.821917808219178
4.921348314606742
5.493827160493828
3.923076923076923
5.011627906976744
4.894736842105263
4.535211267605634
4.872093023255814
5.103896103896104
5.428571428571429
4.976190476190476
4.861538461538461
5.144736842105263
4.2898550724637685
3.1549295774647885
4.333333333333333
5.015873015873016
5.125
5.097222222222222
4.6075949367088604
4.987804878048781
4.3076923076923075
4.970149253731344
3.5657894736842106
4.965116279069767
4.44
4.214285714285714
4.591549295774648
5.074074074074074
5.044117647058823
4.571428571428571
3.2465753424657535
3.3714285714285714
5.358974358974359
4.026315789473684
4.72
5.436781609195402
4.260273972602739
5.1688311688311686
5.042857142857143
4.704225352112676
5.235294117647059
5.126984126984127
4.845070422535211
4.530120481927711
4.923076923076923
4.583333333333333
4.602564102564102
4.486111111111111
4.815789473684211
5.060975609756097
4.358208955223881
4.419753086419753
4.066666666666666
5.458333333333333
4.973333333333334
4.2368421052631575
4.6
4.2926829268292686
3.282051282051282
5.421875
4.773333333333333
3.4545454545454546
5.161764705882353
4.513888888888889
4.821917808219178
5.2898550724637685
4.537313432835821
4.419753086419753
4.523809523809524
5.693548387096774
5.1645569620253164
3.579710144927536
4.958333333333333
4.2835820895522385
3.3676470588235294
5.173913043478261
4.571428571428571
4.125
5.363636363636363
4.608695652173913
3.3636363636363638
4.365079365079365
4.906666666666666
4.526315789473684
4.958333333333333
4.933333333333334
5.341772151898734
4.866666666666666
4.579710144927536
4.311688311688312
3.135135135135135
4.230769230769231
4.891891891891892
4.426666666666667
4.283950617283951
5.438356164383562
4.197183098591549
5.472222222222222
5.208955223880597
3.9859154929577465
5.030769230769231
5.367647058823529
4.197368421052632
3.7142857142857144
4.44
5.0
4.946666666666666
5.0
5.108108108108108
4.82089552238806
5.037974683544304
4.267605633802817
4.779220779220779
4.388888888888889
5.301369863013699
4.75
4.2405063291139244
5.013513513513513
4.468354430379747
5.220588235294118
3.671232876712329
4.028169014084507
4.985714285714286
4.9156626506024095
4.726027397260274
4.5285714285714285
4.923076923076923
4.513513513513513
4.731343283582089
4.6923076923076925
4.723076923076923
4.436619718309859
4.338028169014085
4.484848484848484
4.276923076923077
4.246376811594203
5.2
5.477611940298507
5.378787878787879
4.878787878787879
5.0886075949367084
4.555555555555555
5.178082191780822
4.816901408450704
4.855072463768116
4.77027027027027
3.8260869565217392
5.042253521126761
3.2658227848101267
4.214285714285714
5.098591549295775
4.0
4.378787878787879
4.4
4.113924050632911
4.638888888888889
5.228571428571429
4.352112676056338
3.3714285714285714
5.173333333333333
4.048192771084337
5.0
4.8
5.6075949367088604
4.7
3.9315068493150687
5.352112676056338
4.5
5.147058823529412
5.042857142857143
5.478260869565218
5.438356164383562
5.202898550724638
4.983870967741935
4.846153846153846
4.5285714285714285
4.418918918918919
4.550724637681159
5.262295081967213
4.708333333333333
5.111111111111111
4.485294117647059
4.291666666666667
4.410958904109589
5.553846153846154
3.157142857142857
4.92
4.301204819277109
4.8441558441558445
5.298507462686567
4.585714285714285
4.864406779661017
4.815384615384615
4.9375
4.472972972972973
5.166666666666667
5.144927536231884
4.7611940298507465
4.454545454545454
5.23943661971831
4.164383561643835
5.057142857142857
4.967213114754099
4.3544303797468356
4.069444444444445
4.922077922077922
4.828125
4.805555555555555
4.969230769230769
4.071428571428571
4.884057971014493
4.44
5.677966101694915
5.2727272727272725
4.926470588235294
4.253333333333333
4.131578947368421
3.5064935064935066
4.425
5.541666666666667
4.569444444444445
4.723684210526316
3.783132530120482
5.202702702702703
4.423076923076923
5.192982456140351
4.732394366197183
